PRCP       009557 19070101 20071231 missing_value=99999.9 HOPETOUN POST OFFICE                      
19070101 19071231   409.0
19080101 19081231   558.9
19090101 19091231   554.9
19100101 19101231   442.3
19110101 19111231   438.3
19120101 19121231   314.2
19130101 19131231   541.2
19140101 19141231   538.7
19150101 19151231   520.3
19160101 19161231   634.1
19170101 19171231   688.3
19180101 19181231   629.0
19190101 19191231   612.2
19200101 19201231   610.7
19210101 19211231   441.1
19220101 19221231   486.5
19230101 19231231   421.8
19240101 19241231   421.6
19250101 19251231   508.7
19260101 19261231   504.5
19270101 19271231   413.2
19280101 19281231   354.0
19290101 19291231   517.5
19300101 19301231   385.8
19310101 19311231   498.4
19320101 19321231   569.1
19330101 19331231   491.9
19340101 19341231   564.9
19350101 19351231   462.8
19360101 19361231   343.5
19370101 19371231   562.5
19380101 19381231   503.5
19390101 19391231   684.7
19400101 19401231   439.1
19410101 19411231   338.7
19420101 19421231   528.9
19430101 19431231   501.2
19440101 19441231   414.6
19450101 19451231   503.9
19460101 19461231   334.5
19470101 19471231   451.0
19480101 19481231   374.2
19490101 19491231   468.8
19500101 19501231   443.2
19510101 19511231   635.5
19520101 19521231   502.4
19530101 19531231   461.1
19540101 19541231   382.2
19550101 19551231   687.8
19560101 19561231   416.5
19570101 19571231   342.7
19580101 19581231   587.0
19590101 19591231   693.7
19600101 19601231   587.7
19610101 19611231   510.7
19620101 19621231   355.7
19630101 19631231   475.2
19640101 19641231   531.8
19650101 19651231   551.6
19660101 19661231   543.4
19670101 19671231   515.5
19680101 19681231   622.9
19690101 19691231   500.6
19700101 19701231   403.2
19710101 19711231   763.8
19720101 19721231   386.4
19730101 19731231   453.8
19740101 19741231   475.9
19750101 19751231   539.4
19760101 19761231   642.3
19770101 19771231   596.7
19780101 19781231   647.2
19790101 19791231   563.2
19800101 19801231   376.4
19810101 19811231   499.3
19820101 19821231   468.7
19830101 19831231   594.3
19840101 19841231   505.0
19850101 19851231   562.7
19860101 19861231   503.1
19870101 19871231   481.9
19880101 19881231   687.2
19890101 19891231   601.8
19900101 19901231   463.1
19910101 19911231   326.8
19920101 19921231   664.1
19930101 19931231   518.0
19940101 19941231   333.9
19950101 19951231   500.7
19960101 19961231   395.6
19970101 19971231   510.1
19980101 19981231   561.5
19990101 19991231   623.0
20000101 20001231   511.8
20010101 20011231   581.8
20020101 20021231   281.8
20030101 20031231   493.2
20040101 20041231 99999.9
20050101 20051231   466.9
20060101 20061231 99999.9
20070101 20071231   569.4
