PRCP       014825 18860101 20171231 missing_value=99999.9 VICTORIA RIVER DOWNS                      
18860101 18861231   432.6
18870101 18871231   757.8
18880101 18881231   647.9
18890101 18891231   299.2
18900101 18901231   662.6
18910101 18911231   423.4
18920101 18921231   397.1
18930101 18931231   311.5
18940101 18941231   627.3
18950101 18951231   708.0
18960101 18961231   799.9
18970101 18971231   331.1
18980101 18981231   708.0
18990101 18991231   942.7
19000101 19001231   450.5
19010101 19011231   728.5
19020101 19021231   462.5
19030101 19031231   737.1
19040101 19041231  1196.8
19050101 19051231   264.1
19060101 19061231   463.5
19070101 19071231   778.6
19080101 19081231   468.6
19090101 19091231   448.5
19100101 19101231   844.3
19110101 19111231   666.8
19120101 19121231   529.3
19130101 19131231   501.1
19140101 19141231   607.8
19150101 19151231   369.0
19160101 19161231   445.7
19170101 19171231   583.6
19180101 19181231   465.3
19190101 19191231   528.7
19200101 19201231   484.8
19210101 19211231   651.0
19220101 19221231   863.4
19230101 19231231   766.1
19240101 19241231   508.5
19250101 19251231   646.5
19260101 19261231   644.6
19270101 19271231   688.6
19280101 19281231   241.8
19290101 19291231   582.5
19300101 19301231   754.4
19310101 19311231   539.2
19320101 19321231   464.3
19330101 19331231   579.9
19340101 19341231   425.9
19350101 19351231   666.0
19360101 19361231   395.5
19370101 19371231  1031.7
19380101 19381231   814.2
19390101 19391231   512.6
19400101 19401231   697.0
19410101 19411231   961.1
19420101 19421231   566.6
19430101 19431231   482.6
19440101 19441231   751.2
19450101 19451231   593.4
19460101 19461231   560.1
19470101 19471231   432.3
19480101 19481231   360.5
19490101 19491231   693.7
19500101 19501231   706.5
19510101 19511231   366.5
19520101 19521231   340.4
19530101 19531231   487.3
19540101 19541231   523.7
19550101 19551231   851.4
19560101 19561231   515.7
19570101 19571231   876.9
19580101 19581231   324.5
19590101 19591231   638.1
19600101 19601231   899.6
19610101 19611231   469.2
19620101 19621231   537.1
19630101 19631231   454.7
19640101 19641231   603.8
19650101 19651231   313.4
19660101 19661231   629.0
19670101 19671231   567.0
19680101 19681231   969.4
19690101 19691231   592.0
19700101 19701231   324.9
19710101 19711231   804.0
19720101 19721231   562.1
19730101 19731231   984.1
19740101 19741231  1010.5
19750101 19751231   774.9
19760101 19761231   963.3
19770101 19771231   881.7
19780101 19781231   572.2
19790101 19791231   737.5
19800101 19801231   762.7
19810101 19811231   704.0
19820101 19821231   827.1
19830101 19831231   507.4
19840101 19841231   860.6
19850101 19851231   904.8
19860101 19861231   538.6
19870101 19871231 99999.9
19880101 19881231   404.0
19890101 19891231   585.5
19900101 19901231   457.8
19910101 19911231 99999.9
19920101 19921231   375.2
19930101 19931231   904.5
19940101 19941231   803.6
19950101 19951231  1126.2
19960101 19961231   998.9
19970101 19971231   819.5
19980101 19981231   540.5
19990101 19991231   867.7
20000101 20001231   988.3
20010101 20011231   827.0
20020101 20021231   675.6
20030101 20031231  1062.1
20040101 20041231   882.7
20050101 20051231   793.3
20060101 20061231   819.7
20070101 20071231   673.7
20080101 20081231  1040.4
20090101 20091231   903.3
20100101 20101231  1030.3
20110101 20111231  1008.2
20120101 20121231   732.3
20130101 20131231 99999.9
20140101 20141231   680.0
20150101 20151231   748.7
20160101 20161231   691.0
20170101 20171231   892.6
