PRCP       052019 18950101 20111231 missing_value=99999.9 MOGIL MOGIL (BENIMORA)                    
18950101 18951231   548.7
18960101 18961231   413.7
18970101 18971231   431.9
18980101 18981231   296.6
18990101 18991231   297.8
19000101 19001231   250.0
19010101 19011231   362.5
19020101 19021231   264.9
19030101 19031231   730.0
19040101 19041231   526.7
19050101 19051231   443.0
19060101 19061231   500.7
19070101 19071231   682.0
19080101 19081231   661.9
19090101 19091231   511.6
19100101 19101231   501.9
19110101 19111231   476.0
19120101 19121231   473.3
19130101 19131231   516.4
19140101 19141231   606.9
19150101 19151231   284.6
19160101 19161231   534.2
19170101 19171231   501.7
19180101 19181231   322.6
19190101 19191231   269.9
19200101 19201231   593.7
19210101 19211231   802.9
19220101 19221231   333.5
19230101 19231231   249.4
19240101 19241231   553.4
19250101 19251231   528.4
19260101 19261231   539.5
19270101 19271231   436.9
19280101 19281231   338.5
19290101 19291231   329.0
19300101 19301231   440.7
19310101 19311231   538.7
19320101 19321231   358.9
19330101 19331231   557.9
19340101 19341231   540.9
19350101 19351231   305.9
19360101 19361231   367.4
19370101 19371231   452.2
19380101 19381231   333.9
19390101 19391231   534.1
19400101 19401231   274.2
19410101 19411231   446.5
19420101 19421231   749.6
19430101 19431231   395.2
19440101 19441231   147.3
19450101 19451231   442.2
19460101 19461231   297.0
19470101 19471231   757.7
19480101 19481231   534.2
19490101 19491231   625.3
19500101 19501231  1018.6
19510101 19511231   349.7
19520101 19521231   371.7
19530101 19531231   498.5
19540101 19541231   555.8
19550101 19551231   654.4
19560101 19561231   888.4
19570101 19571231   209.4
19580101 19581231   538.9
19590101 19591231   725.8
19600101 19601231   270.0
19610101 19611231   495.1
19620101 19621231   585.0
19630101 19631231   534.6
19640101 19641231   552.6
19650101 19651231   243.8
19660101 19661231   392.0
19670101 19671231   279.2
19680101 19681231   525.9
19690101 19691231   536.7
19700101 19701231   432.2
19710101 19711231   597.1
19720101 19721231   327.3
19730101 19731231   645.0
19740101 19741231   740.2
19750101 19751231   446.1
19760101 19761231   898.7
19770101 19771231   503.8
19780101 19781231   736.2
19790101 19791231   452.8
19800101 19801231   310.3
19810101 19811231   366.1
19820101 19821231   451.0
19830101 19831231   918.6
19840101 19841231   842.4
19850101 19851231   460.9
19860101 19861231   382.1
19870101 19871231   581.8
19880101 19881231   533.1
19890101 19891231   545.8
19900101 19901231   700.0
19910101 19911231   586.9
19920101 19921231   445.9
19930101 19931231   516.8
19940101 19941231   250.2
19950101 19951231   494.3
19960101 19961231   609.0
19970101 19971231   516.0
19980101 19981231   650.3
19990101 19991231   785.8
20000101 20001231   868.4
20010101 20011231 99999.9
20020101 20021231   196.1
20030101 20031231   363.6
20040101 20041231 99999.9
20050101 20051231   553.5
20060101 20061231 99999.9
20070101 20071231   491.4
20080101 20081231 99999.9
20090101 20091231 99999.9
20100101 20101231 99999.9
20110101 20111231   547.0
