PRCP       062026 18850101 20161231 missing_value=99999.9 RYLSTONE (ILFORD RD)                      
18850101 18851231   564.8
18860101 18861231   665.6
18870101 18871231  1061.5
18880101 18881231   346.2
18890101 18891231   814.8
18900101 18901231   761.7
18910101 18911231   788.9
18920101 18921231   807.7
18930101 18931231   754.6
18940101 18941231   565.4
18950101 18951231   560.1
18960101 18961231   631.0
18970101 18971231   503.9
18980101 18981231   556.8
18990101 18991231   506.8
19000101 19001231   671.5
19010101 19011231   518.6
19020101 19021231   314.9
19030101 19031231   769.2
19040101 19041231   634.6
19050101 19051231   428.2
19060101 19061231   618.4
19070101 19071231   612.6
19080101 19081231   544.6
19090101 19091231   808.8
19100101 19101231   634.6
19110101 19111231   758.0
19120101 19121231   441.6
19130101 19131231   640.5
19140101 19141231   700.8
19150101 19151231   595.9
19160101 19161231   964.4
19170101 19171231   728.6
19180101 19181231   414.7
19190101 19191231   426.1
19200101 19201231   887.0
19210101 19211231  1066.1
19220101 19221231   584.6
19230101 19231231   391.9
19240101 19241231   889.5
19250101 19251231   388.1
19260101 19261231   966.5
19270101 19271231   556.3
19280101 19281231   745.5
19290101 19291231   482.3
19300101 19301231   731.0
19310101 19311231   684.2
19320101 19321231   580.0
19330101 19331231   579.6
19340101 19341231   870.7
19350101 19351231   536.1
19360101 19361231   613.0
19370101 19371231   541.2
19380101 19381231   402.6
19390101 19391231   458.0
19400101 19401231   401.3
19410101 19411231   485.2
19420101 19421231   755.3
19430101 19431231   594.6
19440101 19441231   397.7
19450101 19451231   700.6
19460101 19461231   456.8
19470101 19471231   804.6
19480101 19481231   575.4
19490101 19491231   856.2
19500101 19501231  1293.1
19510101 19511231   580.1
19520101 19521231   677.8
19530101 19531231   530.2
19540101 19541231   670.0
19550101 19551231   904.8
19560101 19561231   988.1
19570101 19571231   435.3
19580101 19581231   843.0
19590101 19591231   792.0
19600101 19601231   654.4
19610101 19611231   686.1
19620101 19621231   636.7
19630101 19631231   815.6
19640101 19641231   653.0
19650101 19651231   449.2
19660101 19661231   635.4
19670101 19671231   527.0
19680101 19681231   689.5
19690101 19691231   851.9
19700101 19701231   875.9
19710101 19711231   670.1
19720101 19721231   541.3
19730101 19731231  1154.3
19740101 19741231   597.3
19750101 19751231   579.3
19760101 19761231   667.2
19770101 19771231   512.6
19780101 19781231   978.6
19790101 19791231   465.5
19800101 19801231   309.4
19810101 19811231   744.7
19820101 19821231   315.9
19830101 19831231   791.8
19840101 19841231   762.9
19850101 19851231   648.6
19860101 19861231   587.4
19870101 19871231   697.9
19880101 19881231   633.9
19890101 19891231   683.2
19900101 19901231   830.8
19910101 19911231   540.9
19920101 19921231   720.7
19930101 19931231   624.1
19940101 19941231 99999.9
19950101 19951231 99999.9
19960101 19961231 99999.9
19970101 19971231 99999.9
19980101 19981231 99999.9
19990101 19991231 99999.9
20000101 20001231 99999.9
20010101 20011231   533.3
20020101 20021231 99999.9
20030101 20031231   600.7
20040101 20041231   510.4
20050101 20051231   629.0
20060101 20061231 99999.9
20070101 20071231 99999.9
20080101 20081231   774.5
20090101 20091231   396.5
20100101 20101231  1006.3
20110101 20111231 99999.9
20120101 20121231 99999.9
20130101 20131231 99999.9
20140101 20141231 99999.9
20150101 20151231   570.0
20160101 20161231   819.8
