PRCP       037010 18920101 20171231 missing_value=99999.9 CAMOOWEAL TOWNSHIP                        
18920101 18921231   241.4
18930101 18931231   273.8
18940101 18941231   638.4
18950101 18951231   819.7
18960101 18961231   342.8
18970101 18971231   248.8
18980101 18981231   392.5
18990101 18991231   165.7
19000101 19001231   229.7
19010101 19011231   384.9
19020101 19021231   160.7
19030101 19031231   648.6
19040101 19041231   623.0
19050101 19051231   196.8
19060101 19061231   367.3
19070101 19071231   455.5
19080101 19081231   539.6
19090101 19091231   362.4
19100101 19101231   466.8
19110101 19111231   487.8
19120101 19121231   352.7
19130101 19131231   319.9
19140101 19141231   239.6
19150101 19151231   450.6
19160101 19161231   574.5
19170101 19171231   579.6
19180101 19181231   603.3
19190101 19191231   412.7
19200101 19201231   421.2
19210101 19211231   394.4
19220101 19221231   239.8
19230101 19231231   215.6
19240101 19241231   401.8
19250101 19251231   346.0
19260101 19261231   185.7
19270101 19271231   407.0
19280101 19281231   188.0
19290101 19291231   317.3
19300101 19301231   494.4
19310101 19311231   221.7
19320101 19321231   278.6
19330101 19331231   455.6
19340101 19341231   214.8
19350101 19351231   316.8
19360101 19361231   487.0
19370101 19371231   253.6
19380101 19381231   320.1
19390101 19391231   375.3
19400101 19401231   382.3
19410101 19411231   719.8
19420101 19421231   191.8
19430101 19431231   444.0
19440101 19441231   508.7
19450101 19451231   242.0
19460101 19461231   325.1
19470101 19471231   308.3
19480101 19481231   343.0
19490101 19491231   460.7
19500101 19501231   703.3
19510101 19511231   296.6
19520101 19521231   283.0
19530101 19531231   585.7
19540101 19541231   282.7
19550101 19551231   292.9
19560101 19561231   699.5
19570101 19571231   354.5
19580101 19581231   487.6
19590101 19591231   356.8
19600101 19601231   496.6
19610101 19611231   150.1
19620101 19621231   382.0
19630101 19631231   211.6
19640101 19641231   331.4
19650101 19651231   361.8
19660101 19661231   379.5
19670101 19671231   222.2
19680101 19681231   465.6
19690101 19691231   246.3
19700101 19701231   185.6
19710101 19711231   555.0
19720101 19721231   167.4
19730101 19731231   556.9
19740101 19741231  1003.3
19750101 19751231   554.7
19760101 19761231   528.5
19770101 19771231   930.8
19780101 19781231   407.0
19790101 19791231   458.8
19800101 19801231   163.0
19810101 19811231   407.6
19820101 19821231   403.4
19830101 19831231   349.0
19840101 19841231   544.0
19850101 19851231   252.6
19860101 19861231   277.0
19870101 19871231   486.3
19880101 19881231   214.0
19890101 19891231   162.0
19900101 19901231   224.4
19910101 19911231   507.1
19920101 19921231   369.3
19930101 19931231   439.4
19940101 19941231   302.7
19950101 19951231   424.6
19960101 19961231   356.9
19970101 19971231 99999.9
19980101 19981231 99999.9
19990101 19991231 99999.9
20000101 20001231   953.8
20010101 20011231   100.4
20020101 20021231   211.3
20030101 20031231   399.4
20040101 20041231   465.6
20050101 20051231   360.0
20060101 20061231   613.4
20070101 20071231   398.2
20080101 20081231   206.2
20090101 20091231   965.6
20100101 20101231   528.2
20110101 20111231   931.0
20120101 20121231   375.4
20130101 20131231   165.0
20140101 20141231   364.8
20150101 20151231   471.0
20160101 20161231   668.2
20170101 20171231   332.6
