PRCP       018049 19060101 20171231 missing_value=99999.9 NORTH PARNDA                              
19060101 19061231   434.3
19070101 19071231   326.0
19080101 19081231   354.6
19090101 19091231   401.6
19100101 19101231   401.5
19110101 19111231   317.2
19120101 19121231   331.0
19130101 19131231   319.4
19140101 19141231   217.5
19150101 19151231   453.4
19160101 19161231   419.7
19170101 19171231   559.4
19180101 19181231   242.8
19190101 19191231   298.0
19200101 19201231   490.2
19210101 19211231   485.2
19220101 19221231   283.4
19230101 19231231   437.0
19240101 19241231   375.6
19250101 19251231   295.7
19260101 19261231   466.5
19270101 19271231   315.6
19280101 19281231   331.4
19290101 19291231   443.8
19300101 19301231   389.4
19310101 19311231   420.6
19320101 19321231   508.4
19330101 19331231   441.6
19340101 19341231   415.1
19350101 19351231   437.0
19360101 19361231   308.1
19370101 19371231   361.5
19380101 19381231   337.1
19390101 19391231   423.7
19400101 19401231   271.2
19410101 19411231   355.2
19420101 19421231   467.7
19430101 19431231   357.4
19440101 19441231   272.6
19450101 19451231   433.5
19460101 19461231   513.5
19470101 19471231   438.2
19480101 19481231   257.5
19490101 19491231   388.6
19500101 19501231   355.7
19510101 19511231   401.4
19520101 19521231   412.8
19530101 19531231   379.0
19540101 19541231   304.0
19550101 19551231   437.5
19560101 19561231   528.4
19570101 19571231   173.0
19580101 19581231   379.6
19590101 19591231   193.2
19600101 19601231   425.1
19610101 19611231   245.4
19620101 19621231   265.1
19630101 19631231   454.9
19640101 19641231   434.4
19650101 19651231   321.9
19660101 19661231   543.1
19670101 19671231   226.7
19680101 19681231   561.8
19690101 19691231   377.2
19700101 19701231   297.1
19710101 19711231   448.2
19720101 19721231   272.9
19730101 19731231   418.0
19740101 19741231   490.6
19750101 19751231   356.0
19760101 19761231   277.6
19770101 19771231   243.4
19780101 19781231   370.8
19790101 19791231   434.8
19800101 19801231   288.1
19810101 19811231   378.2
19820101 19821231   145.4
19830101 19831231   476.5
19840101 19841231   326.6
19850101 19851231   290.6
19860101 19861231   275.1
19870101 19871231   293.5
19880101 19881231   291.3
19890101 19891231   377.6
19900101 19901231   426.4
19910101 19911231   281.6
19920101 19921231   706.8
19930101 19931231   333.8
19940101 19941231   177.0
19950101 19951231   368.8
19960101 19961231   373.0
19970101 19971231   367.6
19980101 19981231   295.6
19990101 19991231   247.8
20000101 20001231   336.0
20010101 20011231   341.4
20020101 20021231   244.4
20030101 20031231 99999.9
20040101 20041231   238.1
20050101 20051231   328.0
20060101 20061231   271.4
20070101 20071231   309.6
20080101 20081231   298.8
20090101 20091231   350.2
20100101 20101231   514.2
20110101 20111231   398.8
20120101 20121231   265.9
20130101 20131231 99999.9
20140101 20141231   386.1
20150101 20151231   326.3
20160101 20161231   538.4
20170101 20171231   368.4
