PRCP       089005 18830101 20171231 missing_value=99999.9 BEAUFORT                                  
18830101 18831231   731.0
18840101 18841231   662.2
18850101 18851231   613.4
18860101 18861231   671.4
18870101 18871231   778.6
18880101 18881231   587.8
18890101 18891231   834.5
18900101 18901231   714.5
18910101 18911231   567.8
18920101 18921231   683.8
18930101 18931231   777.1
18940101 18941231   805.3
18950101 18951231   515.5
18960101 18961231   531.7
18970101 18971231   621.2
18980101 18981231   497.6
18990101 18991231   675.0
19000101 19001231   679.5
19010101 19011231   721.1
19020101 19021231   524.9
19030101 19031231   839.4
19040101 19041231   783.4
19050101 19051231   608.7
19060101 19061231   752.1
19070101 19071231   594.0
19080101 19081231   540.7
19090101 19091231   698.5
19100101 19101231   748.0
19110101 19111231   886.6
19120101 19121231   577.1
19130101 19131231   534.7
19140101 19141231   330.6
19150101 19151231   513.0
19160101 19161231   759.2
19170101 19171231   673.4
19180101 19181231   672.1
19190101 19191231   522.8
19200101 19201231   623.8
19210101 19211231   630.1
19220101 19221231   527.8
19230101 19231231   830.6
19240101 19241231   988.0
19250101 19251231   566.1
19260101 19261231   658.2
19270101 19271231   537.5
19280101 19281231   806.8
19290101 19291231   796.4
19300101 19301231   837.0
19310101 19311231   804.3
19320101 19321231   794.7
19330101 19331231   705.9
19340101 19341231   753.9
19350101 19351231   748.7
19360101 19361231   699.9
19370101 19371231   631.9
19380101 19381231   455.6
19390101 19391231   817.5
19400101 19401231   485.9
19410101 19411231   751.9
19420101 19421231   762.2
19430101 19431231   541.5
19440101 19441231   526.2
19450101 19451231   523.4
19460101 19461231   946.3
19470101 19471231   739.9
19480101 19481231   653.1
19490101 19491231   620.2
19500101 19501231   673.1
19510101 19511231   803.7
19520101 19521231   843.9
19530101 19531231   778.4
19540101 19541231   622.2
19550101 19551231   788.8
19560101 19561231   882.7
19570101 19571231   611.5
19580101 19581231   620.8
19590101 19591231   604.2
19600101 19601231   946.8
19610101 19611231   580.4
19620101 19621231   614.8
19630101 19631231   795.2
19640101 19641231   953.9
19650101 19651231   577.3
19660101 19661231   698.1
19670101 19671231   333.8
19680101 19681231   654.3
19690101 19691231   630.9
19700101 19701231   634.9
19710101 19711231   738.8
19720101 19721231   584.7
19730101 19731231   850.6
19740101 19741231   798.2
19750101 19751231   730.2
19760101 19761231   554.4
19770101 19771231   532.8
19780101 19781231   833.2
19790101 19791231   614.4
19800101 19801231   617.8
19810101 19811231   704.8
19820101 19821231   379.7
19830101 19831231   848.9
19840101 19841231   686.2
19850101 19851231   634.4
19860101 19861231   724.7
19870101 19871231   723.2
19880101 19881231   631.2
19890101 19891231   757.4
19900101 19901231 99999.9
19910101 19911231   606.2
19920101 19921231 99999.9
19930101 19931231   818.2
19940101 19941231   486.8
19950101 19951231   655.3
19960101 19961231   757.0
19970101 19971231   541.2
19980101 19981231   652.2
19990101 19991231   612.8
20000101 20001231   734.8
20010101 20011231   703.3
20020101 20021231 99999.9
20030101 20031231   628.1
20040101 20041231   745.8
20050101 20051231   676.8
20060101 20061231   448.0
20070101 20071231   695.9
20080101 20081231 99999.9
20090101 20091231 99999.9
20100101 20101231  1062.4
20110101 20111231   873.6
20120101 20121231   689.7
20130101 20131231   618.6
20140101 20141231   519.9
20150101 20151231   518.6
20160101 20161231   803.2
20170101 20171231   672.4
