PRCP       005004 18970101 20131231 missing_value=99999.9 EXMOUTH GULF                              
18970101 18971231   474.5
18980101 18981231   269.8
18990101 18991231   201.2
19000101 19001231   493.9
19010101 19011231   215.6
19020101 19021231   185.1
19030101 19031231   152.6
19040101 19041231   431.0
19050101 19051231   135.4
19060101 19061231   349.6
19070101 19071231   467.6
19080101 19081231   407.2
19090101 19091231   749.7
19100101 19101231   341.2
19110101 19111231   182.8
19120101 19121231   112.1
19130101 19131231   159.2
19140101 19141231    31.7
19150101 19151231   325.4
19160101 19161231   258.0
19170101 19171231   269.9
19180101 19181231   448.7
19190101 19191231    82.0
19200101 19201231   263.7
19210101 19211231   592.3
19220101 19221231   230.0
19230101 19231231   552.5
19240101 19241231   126.2
19250101 19251231   232.8
19260101 19261231   156.0
19270101 19271231   390.9
19280101 19281231    54.5
19290101 19291231   303.1
19300101 19301231   129.1
19310101 19311231   385.0
19320101 19321231   182.2
19330101 19331231   552.5
19340101 19341231   356.9
19350101 19351231   155.8
19360101 19361231    58.8
19370101 19371231   269.1
19380101 19381231    93.1
19390101 19391231   314.5
19400101 19401231   128.5
19410101 19411231   192.2
19420101 19421231   483.4
19430101 19431231   367.3
19440101 19441231    23.0
19450101 19451231   228.3
19460101 19461231   185.6
19470101 19471231   326.5
19480101 19481231   442.9
19490101 19491231   492.7
19500101 19501231   147.0
19510101 19511231   300.9
19520101 19521231   242.9
19530101 19531231   465.5
19540101 19541231   150.1
19550101 19551231   221.6
19560101 19561231   301.5
19570101 19571231   393.2
19580101 19581231   367.5
19590101 19591231    64.2
19600101 19601231   251.5
19610101 19611231   760.5
19620101 19621231   176.9
19630101 19631231   527.0
19640101 19641231   300.1
19650101 19651231   408.2
19660101 19661231    69.9
19670101 19671231   498.3
19680101 19681231   364.7
19690101 19691231   145.2
19700101 19701231   464.5
19710101 19711231   462.4
19720101 19721231   139.2
19730101 19731231   301.2
19740101 19741231   365.9
19750101 19751231   382.2
19760101 19761231   142.0
19770101 19771231   162.2
19780101 19781231   167.7
19790101 19791231   147.0
19800101 19801231   493.0
19810101 19811231   187.0
19820101 19821231   237.0
19830101 19831231    98.3
19840101 19841231   353.4
19850101 19851231   245.8
19860101 19861231   208.2
19870101 19871231   128.3
19880101 19881231   132.5
19890101 19891231   122.1
19900101 19901231   261.0
19910101 19911231   159.6
19920101 19921231   320.4
19930101 19931231   244.4
19940101 19941231   235.8
19950101 19951231   374.2
19960101 19961231   197.8
19970101 19971231   184.4
19980101 19981231   250.2
19990101 19991231   489.8
20000101 20001231   476.6
20010101 20011231   125.8
20020101 20021231   173.6
20030101 20031231    34.8
20040101 20041231   129.4
20050101 20051231   281.4
20060101 20061231   169.0
20070101 20071231   179.4
20080101 20081231   379.2
20090101 20091231 99999.9
20100101 20101231   194.8
20110101 20111231 99999.9
20120101 20121231 99999.9
20130101 20131231   197.2
