PRCP       074007 19100101 20171231 missing_value=99999.9 LEETON (BENTS HILL)                       
19100101 19101231   493.5
19110101 19111231   595.4
19120101 19121231   340.6
19130101 19131231   479.1
19140101 19141231   242.5
19150101 19151231   346.3
19160101 19161231   690.0
19170101 19171231   619.1
19180101 19181231   476.8
19190101 19191231   262.4
19200101 19201231   438.9
19210101 19211231   511.3
19220101 19221231   357.7
19230101 19231231   457.1
19240101 19241231   563.1
19250101 19251231   427.6
19260101 19261231   433.9
19270101 19271231   268.8
19280101 19281231   427.1
19290101 19291231   350.8
19300101 19301231   502.9
19310101 19311231   593.9
19320101 19321231   423.4
19330101 19331231   414.7
19340101 19341231   585.7
19350101 19351231   370.5
19360101 19361231   480.2
19370101 19371231   283.2
19380101 19381231   254.9
19390101 19391231   747.5
19400101 19401231   208.9
19410101 19411231   313.0
19420101 19421231   446.8
19430101 19431231   357.8
19440101 19441231   224.1
19450101 19451231   356.1
19460101 19461231   354.6
19470101 19471231   511.0
19480101 19481231   414.8
19490101 19491231   518.2
19500101 19501231   698.2
19510101 19511231   338.9
19520101 19521231   524.7
19530101 19531231   450.8
19540101 19541231   460.1
19550101 19551231   663.2
19560101 19561231   942.0
19570101 19571231   311.1
19580101 19581231   472.5
19590101 19591231   375.8
19600101 19601231   523.2
19610101 19611231   518.0
19620101 19621231   476.8
19630101 19631231   572.2
19640101 19641231   429.3
19650101 19651231   400.6
19660101 19661231   565.5
19670101 19671231   170.8
19680101 19681231   451.3
19690101 19691231   619.2
19700101 19701231   605.3
19710101 19711231   461.5
19720101 19721231   362.1
19730101 19731231   677.2
19740101 19741231   824.0
19750101 19751231   425.8
19760101 19761231   402.2
19770101 19771231   317.8
19780101 19781231   751.2
19790101 19791231   444.4
19800101 19801231   453.4
19810101 19811231   499.8
19820101 19821231   183.4
19830101 19831231   588.0
19840101 19841231   563.0
19850101 19851231   450.4
19860101 19861231   498.2
19870101 19871231   396.4
19880101 19881231   583.6
19890101 19891231   611.9
19900101 19901231   484.9
19910101 19911231   316.8
19920101 19921231   730.9
19930101 19931231   530.4
19940101 19941231 99999.9
19950101 19951231   596.0
19960101 19961231 99999.9
19970101 19971231   355.0
19980101 19981231   439.8
19990101 19991231   737.0
20000101 20001231   586.8
20010101 20011231   447.6
20020101 20021231   258.0
20030101 20031231   493.8
20040101 20041231   294.0
20050101 20051231   537.4
20060101 20061231   169.8
20070101 20071231   385.2
20080101 20081231   452.9
20090101 20091231   307.2
20100101 20101231   675.6
20110101 20111231   562.0
20120101 20121231   605.2
20130101 20131231   415.3
20140101 20141231   469.6
20150101 20151231   537.2
20160101 20161231   801.5
20170101 20171231   356.2
