PRCP       033073 18920101 20171231 missing_value=99999.9 WOODHOUSE                                 
18920101 18921231   969.7
18930101 18931231   772.6
18940101 18941231  1391.3
18950101 18951231 99999.9
18960101 18961231  1558.8
18970101 18971231   736.1
18980101 18981231   907.8
18990101 18991231   768.1
19000101 19001231   390.8
19010101 19011231   879.7
19020101 19021231   175.1
19030101 19031231  1154.1
19040101 19041231   472.0
19050101 19051231   726.5
19060101 19061231  1409.9
19070101 19071231   859.6
19080101 19081231   871.8
19090101 19091231   868.5
19100101 19101231  1669.5
19110101 19111231  1250.2
19120101 19121231   521.5
19130101 19131231  1081.9
19140101 19141231   918.6
19150101 19151231   411.2
19160101 19161231   890.8
19170101 19171231  1632.1
19180101 19181231  1328.2
19190101 19191231   617.6
19200101 19201231  1105.9
19210101 19211231   775.1
19220101 19221231   684.4
19230101 19231231   322.8
19240101 19241231   962.0
19250101 19251231   691.5
19260101 19261231   482.0
19270101 19271231   936.7
19280101 19281231   575.8
19290101 19291231   858.8
19300101 19301231   845.8
19310101 19311231   589.0
19320101 19321231   405.8
19330101 19331231   853.7
19340101 19341231   891.2
19350101 19351231   275.8
19360101 19361231  1340.3
19370101 19371231   661.1
19380101 19381231   525.5
19390101 19391231   355.9
19400101 19401231  1124.6
19410101 19411231  1126.6
19420101 19421231  1058.2
19430101 19431231   688.3
19440101 19441231   877.0
19450101 19451231   692.1
19460101 19461231  1082.4
19470101 19471231  1156.4
19480101 19481231   319.1
19490101 19491231   965.5
19500101 19501231  2143.8
19510101 19511231  1175.0
19520101 19521231   510.9
19530101 19531231   810.5
19540101 19541231  1195.2
19550101 19551231  1325.4
19560101 19561231  1347.4
19570101 19571231   739.8
19580101 19581231  1554.1
19590101 19591231   634.6
19600101 19601231   671.4
19610101 19611231   556.0
19620101 19621231   935.2
19630101 19631231  1038.9
19640101 19641231  1021.1
19650101 19651231   911.0
19660101 19661231   443.8
19670101 19671231   778.6
19680101 19681231  1000.9
19690101 19691231   369.3
19700101 19701231   827.6
19710101 19711231  1390.9
19720101 19721231   877.3
19730101 19731231   987.1
19740101 19741231  1425.3
19750101 19751231  1113.1
19760101 19761231  1833.7
19770101 19771231  1165.8
19780101 19781231  1294.7
19790101 19791231  1565.8
19800101 19801231  1047.2
19810101 19811231  1890.8
19820101 19821231   353.4
19830101 19831231   787.0
19840101 19841231   710.6
19850101 19851231   711.8
19860101 19861231   581.5
19870101 19871231   494.7
19880101 19881231   900.3
19890101 19891231  1284.6
19900101 19901231 99999.9
19910101 19911231  1303.1
19920101 19921231   461.0
19930101 19931231   317.5
19940101 19941231   450.5
19950101 19951231   596.2
19960101 19961231   636.0
19970101 19971231  1451.0
19980101 19981231  1223.0
19990101 19991231   723.0
20000101 20001231  1441.0
20010101 20011231   276.0
20020101 20021231   387.0
20030101 20031231   399.0
20040101 20041231   497.0
20050101 20051231   625.5
20060101 20061231 99999.9
20070101 20071231   663.0
20080101 20081231  1166.0
20090101 20091231  1116.7
20100101 20101231  1805.4
20110101 20111231   928.6
20120101 20121231  1055.8
20130101 20131231   567.6
20140101 20141231   578.4
20150101 20151231   625.4
20160101 20161231 99999.9
20170101 20171231   642.5
