PRCP       007080 19080101 20171231 missing_value=99999.9 THREE RIVERS                              
19080101 19081231   243.7
19090101 19091231   369.3
19100101 19101231   200.4
19110101 19111231    72.4
19120101 19121231   144.7
19130101 19131231   183.0
19140101 19141231   265.4
19150101 19151231   430.6
19160101 19161231   416.0
19170101 19171231   198.8
19180101 19181231   193.2
19190101 19191231   115.6
19200101 19201231   131.3
19210101 19211231   144.0
19220101 19221231    98.7
19230101 19231231   323.5
19240101 19241231    49.1
19250101 19251231   320.7
19260101 19261231   323.5
19270101 19271231   213.4
19280101 19281231   121.7
19290101 19291231   227.3
19300101 19301231   285.5
19310101 19311231   481.9
19320101 19321231   227.1
19330101 19331231   253.0
19340101 19341231   381.4
19350101 19351231   110.7
19360101 19361231    70.7
19370101 19371231   132.4
19380101 19381231   133.3
19390101 19391231   140.9
19400101 19401231    68.8
19410101 19411231   204.8
19420101 19421231   534.9
19430101 19431231    83.5
19440101 19441231    16.5
19450101 19451231   264.9
19460101 19461231   337.1
19470101 19471231   379.3
19480101 19481231   398.7
19490101 19491231   199.3
19500101 19501231   106.6
19510101 19511231   195.2
19520101 19521231   179.7
19530101 19531231   140.2
19540101 19541231   150.7
19550101 19551231   243.2
19560101 19561231    24.2
19570101 19571231   142.8
19580101 19581231   253.2
19590101 19591231    68.4
19600101 19601231   354.2
19610101 19611231   209.5
19620101 19621231   104.8
19630101 19631231   231.2
19640101 19641231   143.1
19650101 19651231   500.1
19660101 19661231   161.1
19670101 19671231   123.0
19680101 19681231   316.9
19690101 19691231   127.4
19700101 19701231   134.2
19710101 19711231   247.1
19720101 19721231   131.7
19730101 19731231   502.5
19740101 19741231   226.4
19750101 19751231   476.4
19760101 19761231   160.2
19770101 19771231   104.1
19780101 19781231   204.9
19790101 19791231   142.3
19800101 19801231   375.0
19810101 19811231   169.3
19820101 19821231   278.0
19830101 19831231   195.6
19840101 19841231   232.7
19850101 19851231   177.9
19860101 19861231   147.6
19870101 19871231   302.2
19880101 19881231   184.1
19890101 19891231   177.9
19900101 19901231   321.1
19910101 19911231   121.6
19920101 19921231   364.2
19930101 19931231   145.0
19940101 19941231   104.2
19950101 19951231   386.1
19960101 19961231   300.7
19970101 19971231   486.6
19980101 19981231   364.8
19990101 19991231   463.5
20000101 20001231   363.2
20010101 20011231   214.4
20020101 20021231   238.9
20030101 20031231   297.9
20040101 20041231 99999.9
20050101 20051231 99999.9
20060101 20061231 99999.9
20070101 20071231 99999.9
20080101 20081231 99999.9
20090101 20091231 99999.9
20100101 20101231 99999.9
20110101 20111231 99999.9
20120101 20121231 99999.9
20130101 20131231 99999.9
20140101 20141231 99999.9
20150101 20151231   307.5
20160101 20161231   336.5
20170101 20171231   285.7
