PRCP       079036 19070101 20161231 missing_value=99999.9 NATIMUK                                   
19070101 19071231   445.0
19080101 19081231   455.5
19090101 19091231   511.9
19100101 19101231   597.2
19110101 19111231   483.3
19120101 19121231   406.0
19130101 19131231   432.3
19140101 19141231   298.5
19150101 19151231   480.7
19160101 19161231   584.5
19170101 19171231   471.2
19180101 19181231   385.9
19190101 19191231   362.6
19200101 19201231   473.2
19210101 19211231   459.5
19220101 19221231   439.9
19230101 19231231   471.7
19240101 19241231   564.3
19250101 19251231   303.6
19260101 19261231   428.4
19270101 19271231   341.6
19280101 19281231   470.4
19290101 19291231   413.7
19300101 19301231   507.0
19310101 19311231   429.3
19320101 19321231   442.8
19330101 19331231   520.7
19340101 19341231   414.1
19350101 19351231   396.7
19360101 19361231   527.6
19370101 19371231   500.4
19380101 19381231   238.2
19390101 19391231   480.3
19400101 19401231   325.1
19410101 19411231   553.9
19420101 19421231   558.4
19430101 19431231   343.3
19440101 19441231   254.8
19450101 19451231   390.8
19460101 19461231   603.2
19470101 19471231   581.8
19480101 19481231   599.6
19490101 19491231   485.2
19500101 19501231   495.1
19510101 19511231   511.5
19520101 19521231   510.5
19530101 19531231   492.9
19540101 19541231   416.3
19550101 19551231   542.6
19560101 19561231   583.0
19570101 19571231   395.0
19580101 19581231   414.4
19590101 19591231   396.7
19600101 19601231   538.3
19610101 19611231   357.5
19620101 19621231   467.6
19630101 19631231   405.1
19640101 19641231   646.7
19650101 19651231   380.4
19660101 19661231   393.7
19670101 19671231   206.1
19680101 19681231   443.2
19690101 19691231   392.9
19700101 19701231   418.5
19710101 19711231   509.3
19720101 19721231   351.0
19730101 19731231   639.3
19740101 19741231   627.5
19750101 19751231   518.9
19760101 19761231   318.9
19770101 19771231   312.6
19780101 19781231   469.8
19790101 19791231   518.0
19800101 19801231   439.8
19810101 19811231   534.4
19820101 19821231   183.1
19830101 19831231   507.6
19840101 19841231   400.4
19850101 19851231   364.0
19860101 19861231   495.2
19870101 19871231   455.7
19880101 19881231   471.3
19890101 19891231   385.2
19900101 19901231   370.8
19910101 19911231   462.8
19920101 19921231   607.7
19930101 19931231   500.7
19940101 19941231   289.2
19950101 19951231   443.0
19960101 19961231 99999.9
19970101 19971231 99999.9
19980101 19981231   384.1
19990101 19991231   394.7
20000101 20001231   349.0
20010101 20011231   368.6
20020101 20021231   256.2
20030101 20031231   470.4
20040101 20041231   382.3
20050101 20051231   425.9
20060101 20061231   219.2
20070101 20071231   433.6
20080101 20081231   326.2
20090101 20091231   411.6
20100101 20101231 99999.9
20110101 20111231   542.2
20120101 20121231   324.8
20130101 20131231 99999.9
20140101 20141231   250.6
20150101 20151231   261.2
20160101 20161231   606.1
