PRCP       008079 19070101 20171231 missing_value=99999.9 MANARRA                                   
19070101 19071231   433.0
19080101 19081231   378.2
19090101 19091231   479.4
19100101 19101231   428.6
19110101 19111231   225.4
19120101 19121231   375.5
19130101 19131231   381.1
19140101 19141231   187.7
19150101 19151231   537.6
19160101 19161231   417.8
19170101 19171231   680.3
19180101 19181231   516.5
19190101 19191231   364.1
19200101 19201231   451.3
19210101 19211231   488.7
19220101 19221231   202.2
19230101 19231231   428.5
19240101 19241231   366.5
19250101 19251231   401.8
19260101 19261231   465.5
19270101 19271231   456.5
19280101 19281231   361.7
19290101 19291231   355.8
19300101 19301231   363.1
19310101 19311231   417.2
19320101 19321231   460.8
19330101 19331231   476.9
19340101 19341231   626.1
19350101 19351231   372.6
19360101 19361231   245.4
19370101 19371231   310.1
19380101 19381231   255.4
19390101 19391231   428.4
19400101 19401231   243.9
19410101 19411231   411.3
19420101 19421231   373.1
19430101 19431231   340.2
19440101 19441231   232.0
19450101 19451231   504.3
19460101 19461231   374.4
19470101 19471231   462.3
19480101 19481231   204.7
19490101 19491231   372.0
19500101 19501231   335.3
19510101 19511231   481.7
19520101 19521231   233.2
19530101 19531231   345.6
19540101 19541231   229.3
19550101 19551231   494.2
19560101 19561231   328.7
19570101 19571231   354.8
19580101 19581231   496.0
19590101 19591231   247.8
19600101 19601231   355.2
19610101 19611231   358.4
19620101 19621231   399.8
19630101 19631231   582.5
19640101 19641231   569.4
19650101 19651231   546.4
19660101 19661231   325.4
19670101 19671231   406.9
19680101 19681231   514.6
19690101 19691231   247.1
19700101 19701231   468.4
19710101 19711231   434.4
19720101 19721231   353.2
19730101 19731231   406.3
19740101 19741231   632.1
19750101 19751231   457.1
19760101 19761231   232.6
19770101 19771231   238.6
19780101 19781231   353.8
19790101 19791231   196.8
19800101 19801231   316.2
19810101 19811231   406.5
19820101 19821231   358.8
19830101 19831231   371.8
19840101 19841231   500.8
19850101 19851231   263.0
19860101 19861231   413.4
19870101 19871231   294.3
19880101 19881231   457.0
19890101 19891231 99999.9
19900101 19901231 99999.9
19910101 19911231   352.0
19920101 19921231 99999.9
19930101 19931231 99999.9
19940101 19941231 99999.9
19950101 19951231   362.5
19960101 19961231   441.3
19970101 19971231 99999.9
19980101 19981231 99999.9
19990101 19991231   502.8
20000101 20001231 99999.9
20010101 20011231   289.7
20020101 20021231   229.7
20030101 20031231 99999.9
20040101 20041231 99999.9
20050101 20051231 99999.9
20060101 20061231 99999.9
20070101 20071231   184.5
20080101 20081231 99999.9
20090101 20091231   302.5
20100101 20101231   222.7
20110101 20111231   537.0
20120101 20121231   297.0
20130101 20131231   298.0
20140101 20141231 99999.9
20150101 20151231   390.0
20160101 20161231   359.0
20170101 20171231   355.5
