PRCP       039250 19130101 20151231 missing_value=99999.9 ROCKLEY                                   
19130101 19131231  1298.0
19140101 19141231   803.3
19150101 19151231   665.3
19160101 19161231   756.6
19170101 19171231  1127.9
19180101 19181231  1221.1
19190101 19191231   412.9
19200101 19201231   889.3
19210101 19211231  1407.6
19220101 19221231   587.9
19230101 19231231   594.1
19240101 19241231  1145.9
19250101 19251231   573.7
19260101 19261231   383.7
19270101 19271231  1134.1
19280101 19281231   942.6
19290101 19291231  1308.6
19300101 19301231  1399.6
19310101 19311231   652.6
19320101 19321231   492.3
19330101 19331231  1115.9
19340101 19341231   448.9
19350101 19351231   502.5
19360101 19361231   712.5
19370101 19371231   720.8
19380101 19381231   835.9
19390101 19391231   977.7
19400101 19401231   662.3
19410101 19411231   553.7
19420101 19421231  1138.7
19430101 19431231   960.8
19440101 19441231   892.7
19450101 19451231   692.7
19460101 19461231   501.6
19470101 19471231   984.8
19480101 19481231   548.8
19490101 19491231  1059.9
19500101 19501231  1020.7
19510101 19511231   600.7
19520101 19521231   544.9
19530101 19531231   962.5
19540101 19541231  1050.6
19550101 19551231  1570.9
19560101 19561231  2145.7
19570101 19571231   327.6
19580101 19581231   956.9
19590101 19591231   671.9
19600101 19601231   695.2
19610101 19611231   918.0
19620101 19621231   720.3
19630101 19631231   690.5
19640101 19641231   612.0
19650101 19651231   667.7
19660101 19661231   836.0
19670101 19671231   559.9
19680101 19681231   820.0
19690101 19691231   514.9
19700101 19701231   755.4
19710101 19711231  1163.8
19720101 19721231   739.6
19730101 19731231  1910.0
19740101 19741231  1449.9
19750101 19751231   713.6
19760101 19761231   897.5
19770101 19771231   914.9
19780101 19781231  1447.6
19790101 19791231   660.1
19800101 19801231   627.3
19810101 19811231   811.8
19820101 19821231   462.8
19830101 19831231   978.6
19840101 19841231   995.9
19850101 19851231   738.2
19860101 19861231   926.8
19870101 19871231   516.6
19880101 19881231   684.9
19890101 19891231   757.3
19900101 19901231  1176.8
19910101 19911231  1069.5
19920101 19921231   747.8
19930101 19931231   496.4
19940101 19941231   532.1
19950101 19951231   489.6
19960101 19961231  1153.3
19970101 19971231   662.6
19980101 19981231   672.1
19990101 19991231 99999.9
20000101 20001231   850.2
20010101 20011231   419.6
20020101 20021231   591.4
20030101 20031231   909.2
20040101 20041231   853.6
20050101 20051231   643.6
20060101 20061231   537.1
20070101 20071231   536.8
20080101 20081231   900.4
20090101 20091231 99999.9
20100101 20101231  1872.0
20110101 20111231   991.0
20120101 20121231   884.3
20130101 20131231  1439.0
20140101 20141231 99999.9
20150101 20151231   875.0
