PRCP       012052 18970101 20141231 missing_value=99999.9 MENZIES                                   
18970101 18971231   114.8
18980101 18981231   113.1
18990101 18991231   123.4
19000101 19001231   309.3
19010101 19011231   182.2
19020101 19021231   286.0
19030101 19031231   387.0
19040101 19041231   246.4
19050101 19051231   173.0
19060101 19061231   222.1
19070101 19071231   169.2
19080101 19081231   289.5
19090101 19091231   372.0
19100101 19101231   253.8
19110101 19111231   153.6
19120101 19121231   184.9
19130101 19131231   268.6
19140101 19141231   164.8
19150101 19151231   479.1
19160101 19161231   190.8
19170101 19171231   299.6
19180101 19181231   294.6
19190101 19191231   452.5
19200101 19201231   179.6
19210101 19211231   313.9
19220101 19221231   266.9
19230101 19231231   247.0
19240101 19241231   131.2
19250101 19251231   347.2
19260101 19261231   175.2
19270101 19271231   384.9
19280101 19281231   142.5
19290101 19291231   236.5
19300101 19301231   232.6
19310101 19311231   255.7
19320101 19321231   218.2
19330101 19331231   218.8
19340101 19341231   215.3
19350101 19351231   168.8
19360101 19361231   106.6
19370101 19371231   158.7
19380101 19381231   201.7
19390101 19391231   315.1
19400101 19401231   103.8
19410101 19411231   286.7
19420101 19421231   483.8
19430101 19431231   238.0
19440101 19441231   101.4
19450101 19451231   117.5
19460101 19461231   152.5
19470101 19471231   316.6
19480101 19481231   335.6
19490101 19491231   153.1
19500101 19501231    75.9
19510101 19511231   231.9
19520101 19521231   184.6
19530101 19531231   249.2
19540101 19541231   128.2
19550101 19551231   404.3
19560101 19561231   177.2
19570101 19571231   262.0
19580101 19581231   290.7
19590101 19591231   156.6
19600101 19601231   574.5
19610101 19611231   144.0
19620101 19621231   182.1
19630101 19631231   385.1
19640101 19641231   183.5
19650101 19651231   242.5
19660101 19661231   295.1
19670101 19671231   192.1
19680101 19681231   342.7
19690101 19691231    83.6
19700101 19701231   157.6
19710101 19711231   146.9
19720101 19721231   137.6
19730101 19731231   317.6
19740101 19741231   451.4
19750101 19751231   533.1
19760101 19761231   128.3
19770101 19771231   123.8
19780101 19781231   217.9
19790101 19791231   271.2
19800101 19801231   347.2
19810101 19811231   234.7
19820101 19821231   294.0
19830101 19831231   208.8
19840101 19841231   276.6
19850101 19851231   184.6
19860101 19861231   259.6
19870101 19871231   323.8
19880101 19881231 99999.9
19890101 19891231 99999.9
19900101 19901231 99999.9
19910101 19911231 99999.9
19920101 19921231   522.2
19930101 19931231   340.2
19940101 19941231   146.5
19950101 19951231   721.8
19960101 19961231 99999.9
19970101 19971231   272.3
19980101 19981231   397.7
19990101 19991231   322.2
20000101 20001231   319.4
20010101 20011231   330.3
20020101 20021231   135.5
20030101 20031231   310.1
20040101 20041231   334.7
20050101 20051231 99999.9
20060101 20061231   281.4
20070101 20071231   147.3
20080101 20081231   249.8
20090101 20091231 99999.9
20100101 20101231 99999.9
20110101 20111231 99999.9
20120101 20121231 99999.9
20130101 20131231 99999.9
20140101 20141231   304.6
