PRCP       010658 19050101 20171231 missing_value=99999.9 WONNAMINTA                                
19050101 19051231   596.9
19060101 19061231   501.7
19070101 19071231   607.6
19080101 19081231   447.4
19090101 19091231   506.7
19100101 19101231   601.6
19110101 19111231   374.6
19120101 19121231   505.2
19130101 19131231   521.1
19140101 19141231   329.5
19150101 19151231   659.4
19160101 19161231   523.7
19170101 19171231   721.8
19180101 19181231   615.4
19190101 19191231   503.9
19200101 19201231   552.1
19210101 19211231   583.0
19220101 19221231   506.5
19230101 19231231   703.6
19240101 19241231   516.5
19250101 19251231   347.5
19260101 19261231   660.2
19270101 19271231   590.8
19280101 19281231   543.7
19290101 19291231   463.9
19300101 19301231   577.7
19310101 19311231   520.8
19320101 19321231   632.1
19330101 19331231   513.6
19340101 19341231   589.2
19350101 19351231   532.2
19360101 19361231   522.0
19370101 19371231   491.0
19380101 19381231   460.2
19390101 19391231   716.8
19400101 19401231   324.4
19410101 19411231   472.0
19420101 19421231   532.8
19430101 19431231   663.3
19440101 19441231   308.1
19450101 19451231   741.9
19460101 19461231   719.4
19470101 19471231   525.9
19480101 19481231   468.8
19490101 19491231   483.8
19500101 19501231   351.4
19510101 19511231   563.0
19520101 19521231   440.8
19530101 19531231   512.6
19540101 19541231   306.1
19550101 19551231   778.5
19560101 19561231   441.9
19570101 19571231   407.8
19580101 19581231   611.8
19590101 19591231   487.5
19600101 19601231   546.9
19610101 19611231   435.3
19620101 19621231   500.8
19630101 19631231   682.0
19640101 19641231   709.1
19650101 19651231   602.3
19660101 19661231   459.0
19670101 19671231   571.3
19680101 19681231   596.5
19690101 19691231   299.5
19700101 19701231   520.7
19710101 19711231   520.6
19720101 19721231   342.3
19730101 19731231   527.3
19740101 19741231   586.9
19750101 19751231   427.4
19760101 19761231   485.6
19770101 19771231   407.2
19780101 19781231   500.8
19790101 19791231   335.4
19800101 19801231   556.4
19810101 19811231   474.2
19820101 19821231   555.2
19830101 19831231   644.8
19840101 19841231   471.4
19850101 19851231   431.8
19860101 19861231   388.0
19870101 19871231   415.8
19880101 19881231   564.8
19890101 19891231   420.8
19900101 19901231   537.4
19910101 19911231   479.4
19920101 19921231   614.4
19930101 19931231   499.6
19940101 19941231   353.2
19950101 19951231   477.8
19960101 19961231   539.8
19970101 19971231   347.5
19980101 19981231   495.8
19990101 19991231   531.0
20000101 20001231   476.9
20010101 20011231   381.2
20020101 20021231   336.4
20030101 20031231 99999.9
20040101 20041231   442.6
20050101 20051231 99999.9
20060101 20061231   349.9
20070101 20071231   426.0
20080101 20081231   448.4
20090101 20091231   422.8
20100101 20101231   262.0
20110101 20111231   606.8
20120101 20121231   409.6
20130101 20131231   450.1
20140101 20141231 99999.9
20150101 20151231   397.9
20160101 20161231   536.8
20170101 20171231   649.9
