PRCP       060026 18710101 20081231 missing_value=99999.9 PORT MACQUARIE (HILL STREET)              
18710101 18711231  1461.4
18720101 18721231  1200.7
18730101 18731231  2461.1
18740101 18741231  1144.9
18750101 18751231  1772.1
18760101 18761231  2116.4
18770101 18771231  1107.3
18780101 18781231  1588.1
18790101 18791231  2016.9
18800101 18801231  1394.3
18810101 18811231  1550.7
18820101 18821231  1267.4
18830101 18831231  1489.9
18840101 18841231  1231.8
18850101 18851231  1366.3
18860101 18861231  1407.6
18870101 18871231  3184.8
18880101 18881231  1292.9
18890101 18891231  1488.5
18900101 18901231  2571.3
18910101 18911231  1891.5
18920101 18921231  2054.9
18930101 18931231  1621.6
18940101 18941231  1461.3
18950101 18951231  2003.9
18960101 18961231   954.6
18970101 18971231  1505.9
18980101 18981231  1824.0
18990101 18991231  2252.9
19000101 19001231  1454.2
19010101 19011231  1228.8
19020101 19021231   916.2
19030101 19031231  1682.7
19040101 19041231  1444.6
19050101 19051231  1081.1
19060101 19061231  1307.7
19070101 19071231  1195.8
19080101 19081231  1413.3
19090101 19091231  1131.5
19100101 19101231  1174.7
19110101 19111231  1655.4
19120101 19121231  1272.0
19130101 19131231  1642.6
19140101 19141231  2117.8
19150101 19151231   734.0
19160101 19161231  1481.6
19170101 19171231  1287.1
19180101 19181231  1139.2
19190101 19191231  1283.5
19200101 19201231  1138.8
19210101 19211231  1733.1
19220101 19221231  1716.6
19230101 19231231  1240.1
19240101 19241231  1211.9
19250101 19251231  1476.8
19260101 19261231   975.2
19270101 19271231  1702.1
19280101 19281231  1391.9
19290101 19291231  2279.9
19300101 19301231  2311.4
19310101 19311231  1319.0
19320101 19321231  1030.5
19330101 19331231  2005.8
19340101 19341231  1793.0
19350101 19351231  1331.1
19360101 19361231  1168.1
19370101 19371231  2127.2
19380101 19381231  1334.8
19390101 19391231   946.6
19400101 19401231   915.1
19410101 19411231  1016.3
19420101 19421231  1324.9
19430101 19431231  1414.6
19440101 19441231   878.1
19450101 19451231  1219.5
19460101 19461231  1118.8
19470101 19471231  1458.7
19480101 19481231  1176.7
19490101 19491231  1830.1
19500101 19501231  3204.4
19510101 19511231  1205.5
19520101 19521231  1539.1
19530101 19531231  1295.5
19540101 19541231  1881.8
19550101 19551231  1695.7
19560101 19561231  1645.1
19570101 19571231  1147.0
19580101 19581231  1475.1
19590101 19591231  2186.6
19600101 19601231  1219.4
19610101 19611231  1669.3
19620101 19621231  2447.2
19630101 19631231  2581.8
19640101 19641231  1067.7
19650101 19651231  1291.9
19660101 19661231  1213.7
19670101 19671231  2125.9
19680101 19681231   886.2
19690101 19691231  1637.3
19700101 19701231  1469.8
19710101 19711231  1529.3
19720101 19721231  1786.9
19730101 19731231  1330.8
19740101 19741231  2280.8
19750101 19751231  1622.4
19760101 19761231  1731.9
19770101 19771231  1231.2
19780101 19781231  1836.5
19790101 19791231  1010.3
19800101 19801231  1034.9
19810101 19811231  1249.5
19820101 19821231  1260.5
19830101 19831231  1762.7
19840101 19841231  1559.3
19850101 19851231  1642.4
19860101 19861231  1396.6
19870101 19871231  1434.4
19880101 19881231  1946.0
19890101 19891231  2103.0
19900101 19901231  1918.2
19910101 19911231   800.8
19920101 19921231  1372.8
19930101 19931231  1033.2
19940101 19941231   798.0
19950101 19951231 99999.9
19960101 19961231  1653.8
19970101 19971231  1326.9
19980101 19981231  1844.8
19990101 19991231  1952.1
20000101 20001231  1131.4
20010101 20011231  1280.0
20020101 20021231  1323.4
20030101 20031231  1107.6
20040101 20041231 99999.9
20050101 20051231  1296.6
20060101 20061231  1190.6
20070101 20071231 99999.9
20080101 20081231  1405.1
