PRCP       032018 19100101 20131231 missing_value=99999.9 GLENEAGLE                                 
19100101 19101231  1343.9
19110101 19111231   896.5
19120101 19121231   390.6
19130101 19131231   987.6
19140101 19141231   511.7
19150101 19151231   259.2
19160101 19161231   633.2
19170101 19171231   892.9
19180101 19181231   872.8
19190101 19191231   300.6
19200101 19201231   826.8
19210101 19211231   799.5
19220101 19221231   605.9
19230101 19231231   206.2
19240101 19241231   710.8
19250101 19251231   586.3
19260101 19261231   379.4
19270101 19271231   957.7
19280101 19281231   591.4
19290101 19291231   653.9
19300101 19301231   948.6
19310101 19311231   344.2
19320101 19321231   598.4
19330101 19331231   911.1
19340101 19341231  1042.6
19350101 19351231   630.2
19360101 19361231   833.9
19370101 19371231   522.1
19380101 19381231   890.6
19390101 19391231   818.2
19400101 19401231  1194.4
19410101 19411231   878.2
19420101 19421231   928.3
19430101 19431231   708.2
19440101 19441231   552.5
19450101 19451231   789.2
19460101 19461231   867.7
19470101 19471231   737.0
19480101 19481231   739.8
19490101 19491231   853.5
19500101 19501231  1146.4
19510101 19511231   437.3
19520101 19521231   487.2
19530101 19531231   796.0
19540101 19541231   638.0
19550101 19551231   969.1
19560101 19561231  1841.6
19570101 19571231   802.9
19580101 19581231   771.2
19590101 19591231   917.8
19600101 19601231   685.2
19610101 19611231   465.4
19620101 19621231   708.1
19630101 19631231   924.9
19640101 19641231   719.4
19650101 19651231   433.0
19660101 19661231   370.9
19670101 19671231  1082.3
19680101 19681231   754.6
19690101 19691231   578.6
19700101 19701231   733.9
19710101 19711231   987.9
19720101 19721231  1074.9
19730101 19731231   962.8
19740101 19741231  1464.7
19750101 19751231   814.6
19760101 19761231   804.1
19770101 19771231   940.6
19780101 19781231   671.3
19790101 19791231  1029.3
19800101 19801231   551.0
19810101 19811231  1222.2
19820101 19821231   517.8
19830101 19831231   748.0
19840101 19841231   563.0
19850101 19851231   682.5
19860101 19861231 99999.9
19870101 19871231 99999.9
19880101 19881231   833.3
19890101 19891231  1137.2
19900101 19901231   652.3
19910101 19911231  1418.4
19920101 19921231   615.0
19930101 19931231   397.6
19940101 19941231 99999.9
19950101 19951231 99999.9
19960101 19961231 99999.9
19970101 19971231   905.1
19980101 19981231  1022.2
19990101 19991231 99999.9
20000101 20001231  1390.6
20010101 20011231   712.6
20020101 20021231   497.5
20030101 20031231   526.1
20040101 20041231   680.5
20050101 20051231   558.7
20060101 20061231 99999.9
20070101 20071231 99999.9
20080101 20081231 99999.9
20090101 20091231 99999.9
20100101 20101231 99999.9
20110101 20111231 99999.9
20120101 20121231 99999.9
20130101 20131231   766.0
