PRCP       002019 19140101 20151231 missing_value=99999.9 MARGARET RIVER                            
19140101 19141231   696.7
19150101 19151231   387.4
19160101 19161231   691.0
19170101 19171231   483.2
19180101 19181231   407.4
19190101 19191231   334.8
19200101 19201231   351.2
19210101 19211231   520.3
19220101 19221231   668.0
19230101 19231231   466.3
19240101 19241231   260.3
19250101 19251231   354.2
19260101 19261231  1090.2
19270101 19271231   532.3
19280101 19281231   457.9
19290101 19291231   113.1
19300101 19301231   375.6
19310101 19311231   222.6
19320101 19321231   334.4
19330101 19331231   242.4
19340101 19341231   580.1
19350101 19351231   269.7
19360101 19361231   190.2
19370101 19371231   416.9
19380101 19381231   281.6
19390101 19391231   351.6
19400101 19401231   263.4
19410101 19411231   709.0
19420101 19421231   432.3
19430101 19431231   445.6
19440101 19441231   427.4
19450101 19451231   226.7
19460101 19461231   252.6
19470101 19471231   452.4
19480101 19481231   335.1
19490101 19491231   485.4
19500101 19501231   472.2
19510101 19511231   361.1
19520101 19521231   254.6
19530101 19531231   437.3
19540101 19541231   365.0
19550101 19551231   461.1
19560101 19561231   644.7
19570101 19571231   552.1
19580101 19581231   202.1
19590101 19591231   348.4
19600101 19601231   525.6
19610101 19611231   184.3
19620101 19621231   468.6
19630101 19631231   597.8
19640101 19641231   205.4
19650101 19651231   332.4
19660101 19661231   314.3
19670101 19671231   634.4
19680101 19681231   622.2
19690101 19691231   423.6
19700101 19701231   296.8
19710101 19711231   455.6
19720101 19721231   198.5
19730101 19731231   588.4
19740101 19741231   753.0
19750101 19751231   586.4
19760101 19761231   425.3
19770101 19771231   471.3
19780101 19781231   641.6
19790101 19791231   391.6
19800101 19801231   487.2
19810101 19811231   517.5
19820101 19821231   908.4
19830101 19831231   796.1
19840101 19841231   572.7
19850101 19851231   309.6
19860101 19861231   505.2
19870101 19871231   562.0
19880101 19881231   258.9
19890101 19891231   186.8
19900101 19901231   243.0
19910101 19911231   769.5
19920101 19921231   160.5
19930101 19931231   708.9
19940101 19941231   227.4
19950101 19951231   720.0
19960101 19961231   595.6
19970101 19971231   573.8
19980101 19981231   515.4
19990101 19991231   597.3
20000101 20001231  1011.1
20010101 20011231   716.2
20020101 20021231   596.2
20030101 20031231   531.2
20040101 20041231   608.7
20050101 20051231   498.0
20060101 20061231   555.3
20070101 20071231   426.6
20080101 20081231   656.8
20090101 20091231 99999.9
20100101 20101231   451.0
20110101 20111231   816.9
20120101 20121231 99999.9
20130101 20131231 99999.9
20140101 20141231 99999.9
20150101 20151231   597.9
