PRCP       010505 18910101 20141231 missing_value=99999.9 ARTHUR RIVER COMP                         
18910101 18911231   305.1
18920101 18921231   445.7
18930101 18931231   470.3
18940101 18941231   391.3
18950101 18951231   710.3
18960101 18961231   338.7
18970101 18971231   422.8
18980101 18981231   489.7
18990101 18991231   473.5
19000101 19001231   541.4
19010101 19011231   346.1
19020101 19021231   415.1
19030101 19031231   552.2
19040101 19041231   568.3
19050101 19051231   590.6
19060101 19061231   482.6
19070101 19071231   523.4
19080101 19081231   413.5
19090101 19091231   557.9
19100101 19101231   558.4
19110101 19111231   347.1
19120101 19121231   465.3
19130101 19131231   669.0
19140101 19141231   436.0
19150101 19151231   602.2
19160101 19161231   474.8
19170101 19171231   737.9
19180101 19181231   549.1
19190101 19191231   450.8
19200101 19201231   511.0
19210101 19211231   570.1
19220101 19221231   471.3
19230101 19231231   642.8
19240101 19241231   441.9
19250101 19251231   282.7
19260101 19261231   664.6
19270101 19271231   436.9
19280101 19281231   533.2
19290101 19291231   479.0
19300101 19301231   481.8
19310101 19311231   478.4
19320101 19321231   522.5
19330101 19331231   503.0
19340101 19341231   680.3
19350101 19351231   499.0
19360101 19361231   428.4
19370101 19371231   511.4
19380101 19381231   388.8
19390101 19391231   601.1
19400101 19401231   241.1
19410101 19411231   479.6
19420101 19421231   547.4
19430101 19431231   582.7
19440101 19441231   318.9
19450101 19451231   633.4
19460101 19461231   594.7
19470101 19471231   503.7
19480101 19481231   388.4
19490101 19491231   483.7
19500101 19501231   354.6
19510101 19511231   515.4
19520101 19521231   446.5
19530101 19531231   451.6
19540101 19541231   287.2
19550101 19551231   813.0
19560101 19561231   387.5
19570101 19571231   331.3
19580101 19581231   499.5
19590101 19591231   428.8
19600101 19601231   496.8
19610101 19611231   493.5
19620101 19621231   391.9
19630101 19631231   568.5
19640101 19641231   657.9
19650101 19651231   525.5
19660101 19661231   472.8
19670101 19671231   531.4
19680101 19681231   603.2
19690101 19691231   328.9
19700101 19701231   517.3
19710101 19711231   609.7
19720101 19721231   333.7
19730101 19731231   487.8
19740101 19741231   557.4
19750101 19751231   383.3
19760101 19761231   509.6
19770101 19771231   392.0
19780101 19781231   399.0
19790101 19791231   283.9
19800101 19801231   435.5
19810101 19811231   421.7
19820101 19821231   567.0
19830101 19831231   572.6
19840101 19841231   472.2
19850101 19851231   391.5
19860101 19861231   353.6
19870101 19871231   375.4
19880101 19881231   545.8
19890101 19891231   437.2
19900101 19901231   449.6
19910101 19911231   441.4
19920101 19921231   529.8
19930101 19931231   505.6
19940101 19941231   318.6
19950101 19951231 99999.9
19960101 19961231 99999.9
19970101 19971231   347.4
19980101 19981231   575.4
19990101 19991231   463.4
20000101 20001231 99999.9
20010101 20011231 99999.9
20020101 20021231 99999.9
20030101 20031231 99999.9
20040101 20041231   398.8
20050101 20051231 99999.9
20060101 20061231 99999.9
20070101 20071231   395.5
20080101 20081231   442.8
20090101 20091231   398.2
20100101 20101231   295.5
20110101 20111231   559.0
20120101 20121231   340.1
20130101 20131231   450.9
20140101 20141231   368.6
