PRCP       016028 19100101 20171231 missing_value=99999.9 MILLERS CREEK                             
19100101 19101231   240.5
19110101 19111231   142.2
19120101 19121231    81.9
19130101 19131231   156.3
19140101 19141231   122.0
19150101 19151231    59.6
19160101 19161231   172.9
19170101 19171231   148.3
19180101 19181231    52.4
19190101 19191231    69.3
19200101 19201231   284.3
19210101 19211231   218.7
19220101 19221231   159.5
19230101 19231231   126.1
19240101 19241231   113.4
19250101 19251231    69.0
19260101 19261231   141.5
19270101 19271231    85.3
19280101 19281231   103.1
19290101 19291231    48.8
19300101 19301231   154.5
19310101 19311231   126.6
19320101 19321231   146.3
19330101 19331231    85.4
19340101 19341231    72.2
19350101 19351231   154.9
19360101 19361231   109.7
19370101 19371231   154.8
19380101 19381231   185.6
19390101 19391231   209.1
19400101 19401231    32.1
19410101 19411231    83.3
19420101 19421231    53.8
19430101 19431231    44.2
19440101 19441231    29.0
19450101 19451231   194.9
19460101 19461231   227.1
19470101 19471231   160.2
19480101 19481231    61.9
19490101 19491231   161.9
19500101 19501231   246.7
19510101 19511231   138.4
19520101 19521231    98.0
19530101 19531231   108.9
19540101 19541231   141.2
19550101 19551231   173.7
19560101 19561231   113.1
19570101 19571231    96.8
19580101 19581231   171.6
19590101 19591231    89.5
19600101 19601231    98.9
19610101 19611231    40.4
19620101 19621231    48.3
19630101 19631231   104.6
19640101 19641231   103.8
19650101 19651231    62.8
19660101 19661231   178.9
19670101 19671231    48.0
19680101 19681231   191.0
19690101 19691231   143.1
19700101 19701231    57.9
19710101 19711231   169.5
19720101 19721231    52.5
19730101 19731231   386.7
19740101 19741231   372.2
19750101 19751231   247.3
19760101 19761231   216.8
19770101 19771231    52.0
19780101 19781231   171.8
19790101 19791231   357.2
19800101 19801231   121.0
19810101 19811231   162.4
19820101 19821231    63.4
19830101 19831231    77.9
19840101 19841231   173.7
19850101 19851231   133.2
19860101 19861231   151.2
19870101 19871231   200.6
19880101 19881231   142.5
19890101 19891231   355.5
19900101 19901231    97.3
19910101 19911231   129.9
19920101 19921231   325.6
19930101 19931231   129.9
19940101 19941231    96.8
19950101 19951231 99999.9
19960101 19961231   122.2
19970101 19971231 99999.9
19980101 19981231   183.2
19990101 19991231   107.3
20000101 20001231   167.2
20010101 20011231   210.7
20020101 20021231    48.4
20030101 20031231   148.2
20040101 20041231 99999.9
20050101 20051231    77.0
20060101 20061231    83.0
20070101 20071231   118.9
20080101 20081231   119.0
20090101 20091231   127.0
20100101 20101231   222.2
20110101 20111231   225.7
20120101 20121231 99999.9
20130101 20131231   114.0
20140101 20141231   104.2
20150101 20151231   127.1
20160101 20161231   197.2
20170101 20171231   158.5
