PRCP       022009 18800101 20151231 missing_value=99999.9 MINLATON                                  
18800101 18801231   535.6
18810101 18811231   450.8
18820101 18821231   410.0
18830101 18831231   499.6
18840101 18841231   381.9
18850101 18851231   343.9
18860101 18861231   329.0
18870101 18871231   463.7
18880101 18881231   309.8
18890101 18891231   586.6
18900101 18901231   758.7
18910101 18911231   352.2
18920101 18921231   497.4
18930101 18931231   576.1
18940101 18941231   446.4
18950101 18951231   434.0
18960101 18961231   401.8
18970101 18971231   284.5
18980101 18981231   444.9
18990101 18991231   347.9
19000101 19001231   432.8
19010101 19011231   435.8
19020101 19021231   363.6
19030101 19031231   446.3
19040101 19041231   399.0
19050101 19051231   443.9
19060101 19061231   539.9
19070101 19071231   418.3
19080101 19081231   400.8
19090101 19091231   547.3
19100101 19101231   562.0
19110101 19111231   404.7
19120101 19121231   357.3
19130101 19131231   340.6
19140101 19141231   352.4
19150101 19151231   519.4
19160101 19161231   653.0
19170101 19171231   725.9
19180101 19181231   356.7
19190101 19191231   452.1
19200101 19201231   540.9
19210101 19211231   581.9
19220101 19221231   445.0
19230101 19231231   630.0
19240101 19241231   485.7
19250101 19251231   390.0
19260101 19261231   488.3
19270101 19271231   432.1
19280101 19281231   405.2
19290101 19291231   345.8
19300101 19301231   356.8
19310101 19311231   421.0
19320101 19321231   525.6
19330101 19331231   370.8
19340101 19341231   377.6
19350101 19351231   431.1
19360101 19361231   341.8
19370101 19371231   476.9
19380101 19381231   397.6
19390101 19391231   460.0
19400101 19401231   344.3
19410101 19411231   514.3
19420101 19421231   573.2
19430101 19431231   374.8
19440101 19441231   324.3
19450101 19451231   395.6
19460101 19461231   595.6
19470101 19471231   495.5
19480101 19481231   375.6
19490101 19491231   362.6
19500101 19501231   376.2
19510101 19511231   533.1
19520101 19521231   485.4
19530101 19531231   414.0
19540101 19541231   388.7
19550101 19551231   560.6
19560101 19561231   458.6
19570101 19571231   327.6
19580101 19581231   394.8
19590101 19591231   266.7
19600101 19601231   483.3
19610101 19611231   294.0
19620101 19621231   316.7
19630101 19631231   486.5
19640101 19641231   495.1
19650101 19651231   322.2
19660101 19661231   471.7
19670101 19671231   291.8
19680101 19681231   612.6
19690101 19691231   431.7
19700101 19701231   406.6
19710101 19711231   500.7
19720101 19721231   365.2
19730101 19731231   562.6
19740101 19741231   524.9
19750101 19751231   408.7
19760101 19761231   324.9
19770101 19771231   328.4
19780101 19781231   504.5
19790101 19791231   536.4
19800101 19801231   405.2
19810101 19811231   393.2
19820101 19821231   265.0
19830101 19831231   431.8
19840101 19841231   391.8
19850101 19851231   338.8
19860101 19861231   415.0
19870101 19871231   337.0
19880101 19881231   337.7
19890101 19891231   395.2
19900101 19901231   367.0
19910101 19911231   311.8
19920101 19921231   718.4
19930101 19931231   384.6
19940101 19941231   277.2
19950101 19951231   367.6
19960101 19961231   398.5
19970101 19971231   467.6
19980101 19981231   375.0
19990101 19991231   379.7
20000101 20001231   498.7
20010101 20011231   430.8
20020101 20021231   319.6
20030101 20031231 99999.9
20040101 20041231   399.0
20050101 20051231   447.8
20060101 20061231 99999.9
20070101 20071231   419.4
20080101 20081231   278.5
20090101 20091231   445.2
20100101 20101231   491.3
20110101 20111231   489.1
20120101 20121231   343.2
20130101 20131231 99999.9
20140101 20141231   392.9
20150101 20151231   348.0
