PRCP       026010 19010101 20161231 missing_value=99999.9 KEILIRA STATION                           
19010101 19011231   613.2
19020101 19021231   502.6
19030101 19031231   684.6
19040101 19041231   519.9
19050101 19051231   612.8
19060101 19061231   725.5
19070101 19071231   490.5
19080101 19081231   566.3
19090101 19091231   772.7
19100101 19101231   848.3
19110101 19111231   593.6
19120101 19121231   580.9
19130101 19131231   480.4
19140101 19141231   453.5
19150101 19151231   652.3
19160101 19161231   662.3
19170101 19171231   688.2
19180101 19181231   540.1
19190101 19191231   440.6
19200101 19201231   560.4
19210101 19211231   550.6
19220101 19221231   659.0
19230101 19231231   584.3
19240101 19241231   567.9
19250101 19251231   626.1
19260101 19261231   628.0
19270101 19271231   558.5
19280101 19281231   631.2
19290101 19291231   588.5
19300101 19301231   552.9
19310101 19311231   578.2
19320101 19321231   645.0
19330101 19331231   526.8
19340101 19341231   527.1
19350101 19351231   583.7
19360101 19361231   521.9
19370101 19371231   576.9
19380101 19381231   492.8
19390101 19391231   613.1
19400101 19401231   405.3
19410101 19411231   438.8
19420101 19421231   714.8
19430101 19431231   595.6
19440101 19441231   549.7
19450101 19451231   594.2
19460101 19461231   731.8
19470101 19471231   890.3
19480101 19481231   574.3
19490101 19491231   486.1
19500101 19501231   507.3
19510101 19511231   702.3
19520101 19521231   666.3
19530101 19531231   658.4
19540101 19541231   531.5
19550101 19551231   633.0
19560101 19561231   701.4
19570101 19571231   373.3
19580101 19581231   651.3
19590101 19591231   329.1
19600101 19601231   673.6
19610101 19611231   440.0
19620101 19621231   585.9
19630101 19631231   559.3
19640101 19641231   750.0
19650101 19651231   446.8
19660101 19661231   612.4
19670101 19671231   352.0
19680101 19681231   746.9
19690101 19691231   437.3
19700101 19701231   639.8
19710101 19711231   824.6
19720101 19721231   505.6
19730101 19731231   674.8
19740101 19741231   614.0
19750101 19751231   570.4
19760101 19761231   471.5
19770101 19771231   441.6
19780101 19781231   439.2
19790101 19791231   600.4
19800101 19801231   504.9
19810101 19811231   564.9
19820101 19821231   302.2
19830101 19831231   680.9
19840101 19841231   593.1
19850101 19851231   479.5
19860101 19861231   593.0
19870101 19871231   498.4
19880101 19881231   633.7
19890101 19891231   608.4
19900101 19901231   512.3
19910101 19911231   535.6
19920101 19921231   693.3
19930101 19931231   465.1
19940101 19941231   385.6
19950101 19951231   490.9
19960101 19961231   530.6
19970101 19971231   450.8
19980101 19981231   453.0
19990101 19991231   481.7
20000101 20001231   693.7
20010101 20011231   613.0
20020101 20021231   505.6
20030101 20031231   604.4
20040101 20041231   497.7
20050101 20051231   496.9
20060101 20061231   314.8
20070101 20071231   552.6
20080101 20081231   432.8
20090101 20091231   610.8
20100101 20101231   736.0
20110101 20111231   631.0
20120101 20121231 99999.9
20130101 20131231   635.6
20140101 20141231 99999.9
20150101 20151231   397.4
20160101 20161231   671.4
