PRCP       095016 19110101 20161231 missing_value=99999.9 OSTERLEY                                  
19110101 19111231   726.8
19120101 19121231   800.3
19130101 19131231   566.4
19140101 19141231   454.7
19150101 19151231   755.2
19160101 19161231   924.0
19170101 19171231   683.1
19180101 19181231   619.9
19190101 19191231   599.6
19200101 19201231   592.4
19210101 19211231   594.9
19220101 19221231   734.6
19230101 19231231   998.0
19240101 19241231   999.1
19250101 19251231   591.4
19260101 19261231   825.5
19270101 19271231   672.9
19280101 19281231  1008.8
19290101 19291231   800.7
19300101 19301231   656.1
19310101 19311231   949.6
19320101 19321231   683.9
19330101 19331231   537.0
19340101 19341231   729.8
19350101 19351231   995.0
19360101 19361231   701.2
19370101 19371231   727.5
19380101 19381231   849.5
19390101 19391231   827.5
19400101 19401231   665.5
19410101 19411231   742.0
19420101 19421231   643.9
19430101 19431231   596.9
19440101 19441231   671.3
19450101 19451231   457.1
19460101 19461231   958.2
19470101 19471231  1034.5
19480101 19481231   932.0
19490101 19491231   710.2
19500101 19501231   618.3
19510101 19511231   645.6
19520101 19521231   872.5
19530101 19531231   817.9
19540101 19541231   689.4
19550101 19551231   643.0
19560101 19561231   989.3
19570101 19571231   625.2
19580101 19581231   953.4
19590101 19591231   549.0
19600101 19601231   764.6
19610101 19611231   470.9
19620101 19621231   740.7
19630101 19631231   438.4
19640101 19641231   740.1
19650101 19651231   490.5
19660101 19661231   640.6
19670101 19671231   472.5
19680101 19681231   755.3
19690101 19691231   750.5
19700101 19701231   980.5
19710101 19711231   877.7
19720101 19721231   633.5
19730101 19731231   739.0
19740101 19741231   694.7
19750101 19751231  1131.1
19760101 19761231   667.5
19770101 19771231   599.4
19780101 19781231   660.4
19790101 19791231   526.0
19800101 19801231   701.8
19810101 19811231   795.9
19820101 19821231   574.7
19830101 19831231   513.3
19840101 19841231   523.7
19850101 19851231   564.1
19860101 19861231   671.1
19870101 19871231   648.2
19880101 19881231   885.4
19890101 19891231   525.4
19900101 19901231   701.2
19910101 19911231   795.6
19920101 19921231   703.4
19930101 19931231 99999.9
19940101 19941231   778.1
19950101 19951231   682.6
19960101 19961231 99999.9
19970101 19971231   590.8
19980101 19981231   617.4
19990101 19991231   551.4
20000101 20001231   674.4
20010101 20011231   788.2
20020101 20021231   598.6
20030101 20031231   779.0
20040101 20041231   852.0
20050101 20051231   791.8
20060101 20061231   472.4
20070101 20071231   606.5
20080101 20081231   538.2
20090101 20091231   828.6
20100101 20101231   604.0
20110101 20111231   796.4
20120101 20121231   616.4
20130101 20131231   844.0
20140101 20141231   606.4
20150101 20151231   625.9
20160101 20161231   934.3
