PRCP       091044 19080101 20151231 missing_value=99999.9 IRISHTOWN (JOHNS HILL ROAD)               
19080101 19081231  1131.0
19090101 19091231  1482.0
19100101 19101231  1637.4
19110101 19111231  1256.1
19120101 19121231  1374.3
19130101 19131231  1192.4
19140101 19141231   986.1
19150101 19151231  1576.9
19160101 19161231  1488.7
19170101 19171231  1646.1
19180101 19181231  1180.1
19190101 19191231  1159.7
19200101 19201231  1250.3
19210101 19211231  1261.7
19220101 19221231  1153.9
19230101 19231231  1500.5
19240101 19241231  1351.1
19250101 19251231   910.0
19260101 19261231  1219.3
19270101 19271231   927.3
19280101 19281231  1326.1
19290101 19291231  1426.5
19300101 19301231  1054.3
19310101 19311231  1419.7
19320101 19321231  1144.1
19330101 19331231   972.0
19340101 19341231   861.9
19350101 19351231  1131.7
19360101 19361231  1177.8
19370101 19371231  1142.9
19380101 19381231  1159.4
19390101 19391231  1368.6
19400101 19401231   797.2
19410101 19411231   957.9
19420101 19421231  1218.4
19430101 19431231  1035.6
19440101 19441231  1082.2
19450101 19451231  1161.1
19460101 19461231  1379.3
19470101 19471231  1441.1
19480101 19481231  1340.8
19490101 19491231   912.9
19500101 19501231   916.4
19510101 19511231  1196.8
19520101 19521231  1351.8
19530101 19531231  1280.3
19540101 19541231  1094.4
19550101 19551231  1376.3
19560101 19561231  1555.8
19570101 19571231  1135.9
19580101 19581231  1384.2
19590101 19591231   877.0
19600101 19601231  1322.9
19610101 19611231  1065.6
19620101 19621231  1309.8
19630101 19631231  1047.3
19640101 19641231  1610.0
19650101 19651231   999.1
19660101 19661231   984.6
19670101 19671231   935.3
19680101 19681231  1419.9
19690101 19691231  1204.5
19700101 19701231  1307.1
19710101 19711231  1416.8
19720101 19721231   868.5
19730101 19731231  1385.0
19740101 19741231  1245.5
19750101 19751231  1586.8
19760101 19761231  1136.3
19770101 19771231  1157.5
19780101 19781231  1129.4
19790101 19791231  1339.0
19800101 19801231  1183.4
19810101 19811231  1257.6
19820101 19821231   997.4
19830101 19831231  1020.2
19840101 19841231  1171.4
19850101 19851231  1086.2
19860101 19861231  1182.2
19870101 19871231   928.6
19880101 19881231  1269.6
19890101 19891231  1250.4
19900101 19901231  1131.4
19910101 19911231 99999.9
19920101 19921231 99999.9
19930101 19931231 99999.9
19940101 19941231 99999.9
19950101 19951231 99999.9
19960101 19961231 99999.9
19970101 19971231  1060.9
19980101 19981231  1122.6
19990101 19991231  1033.3
20000101 20001231  1131.4
20010101 20011231  1136.9
20020101 20021231  1058.0
20030101 20031231  1151.8
20040101 20041231  1068.0
20050101 20051231  1137.0
20060101 20061231   774.2
20070101 20071231  1002.4
20080101 20081231   968.0
20090101 20091231  1232.8
20100101 20101231  1222.6
20110101 20111231  1070.8
20120101 20121231  1168.5
20130101 20131231  1327.4
20140101 20141231   882.0
20150101 20151231   892.2
