PRCP       047039 19120101 20171231 missing_value=99999.9 UMBERUMBERKA RESERVOIR                    
19120101 19121231   289.3
19130101 19131231   147.2
19140101 19141231   277.1
19150101 19151231   236.9
19160101 19161231   228.8
19170101 19171231   348.0
19180101 19181231   174.7
19190101 19191231   228.0
19200101 19201231   247.4
19210101 19211231   311.6
19220101 19221231   157.1
19230101 19231231   169.7
19240101 19241231   134.4
19250101 19251231   150.0
19260101 19261231   210.6
19270101 19271231    80.7
19280101 19281231   158.9
19290101 19291231    91.9
19300101 19301231   166.7
19310101 19311231   191.5
19320101 19321231   147.1
19330101 19331231   255.2
19340101 19341231   143.1
19350101 19351231    73.9
19360101 19361231   211.4
19370101 19371231   187.4
19380101 19381231   134.5
19390101 19391231   254.4
19400101 19401231    40.9
19410101 19411231   139.7
19420101 19421231   201.0
19430101 19431231    73.1
19440101 19441231   115.7
19450101 19451231   134.2
19460101 19461231   227.8
19470101 19471231   288.5
19480101 19481231    86.3
19490101 19491231   213.4
19500101 19501231   287.6
19510101 19511231    85.6
19520101 19521231   135.4
19530101 19531231   139.1
19540101 19541231   194.3
19550101 19551231   364.9
19560101 19561231   273.6
19570101 19571231   135.7
19580101 19581231   265.9
19590101 19591231   130.9
19600101 19601231   227.3
19610101 19611231   179.8
19620101 19621231   258.0
19630101 19631231   197.9
19640101 19641231   192.0
19650101 19651231   113.5
19660101 19661231   185.8
19670101 19671231    60.0
19680101 19681231   262.3
19690101 19691231   167.9
19700101 19701231   135.9
19710101 19711231   267.4
19720101 19721231   175.2
19730101 19731231   356.8
19740101 19741231   561.4
19750101 19751231   364.3
19760101 19761231   220.2
19770101 19771231   117.8
19780101 19781231   353.4
19790101 19791231   294.5
19800101 19801231   178.5
19810101 19811231   192.8
19820101 19821231    76.0
19830101 19831231   303.2
19840101 19841231   238.4
19850101 19851231   215.8
19860101 19861231   182.4
19870101 19871231   237.3
19880101 19881231   234.8
19890101 19891231   303.3
19900101 19901231 99999.9
19910101 19911231   139.8
19920101 19921231   393.2
19930101 19931231   344.7
19940101 19941231   125.1
19950101 19951231   227.0
19960101 19961231   294.7
19970101 19971231   255.3
19980101 19981231   186.1
19990101 19991231   205.8
20000101 20001231   318.1
20010101 20011231   189.1
20020101 20021231    46.2
20030101 20031231   210.4
20040101 20041231   163.3
20050101 20051231   181.3
20060101 20061231   126.6
20070101 20071231   230.2
20080101 20081231   180.8
20090101 20091231   136.4
20100101 20101231   509.9
20110101 20111231   491.0
20120101 20121231   282.0
20130101 20131231   140.2
20140101 20141231 99999.9
20150101 20151231 99999.9
20160101 20161231 99999.9
20170101 20171231   117.1
