PRCP       021073 19100101 20151231 missing_value=99999.9 CLOVERLEA                                 
19100101 19101231   715.0
19110101 19111231   475.3
19120101 19121231   475.6
19130101 19131231   465.1
19140101 19141231   247.6
19150101 19151231   520.9
19160101 19161231   775.6
19170101 19171231   869.3
19180101 19181231   433.7
19190101 19191231   493.7
19200101 19201231   723.2
19210101 19211231   609.9
19220101 19221231   557.4
19230101 19231231   601.8
19240101 19241231   579.3
19250101 19251231   503.6
19260101 19261231   511.8
19270101 19271231   328.3
19280101 19281231   359.8
19290101 19291231   356.3
19300101 19301231   393.6
19310101 19311231   512.5
19320101 19321231   612.6
19330101 19331231   497.9
19340101 19341231   417.0
19350101 19351231   494.7
19360101 19361231   363.3
19370101 19371231   618.6
19380101 19381231   358.8
19390101 19391231   625.1
19400101 19401231   302.8
19410101 19411231   622.9
19420101 19421231   604.4
19430101 19431231   478.8
19440101 19441231   340.2
19450101 19451231   516.0
19460101 19461231   611.5
19470101 19471231   691.5
19480101 19481231   454.0
19490101 19491231   561.2
19500101 19501231   450.5
19510101 19511231   563.7
19520101 19521231   660.1
19530101 19531231   529.1
19540101 19541231   464.9
19550101 19551231   571.2
19560101 19561231   696.4
19570101 19571231   347.0
19580101 19581231   531.2
19590101 19591231   315.6
19600101 19601231   683.9
19610101 19611231   500.6
19620101 19621231   519.0
19630101 19631231   566.9
19640101 19641231   557.8
19650101 19651231   411.4
19660101 19661231   601.4
19670101 19671231   250.4
19680101 19681231   709.1
19690101 19691231   590.8
19700101 19701231   525.1
19710101 19711231   679.8
19720101 19721231   351.2
19730101 19731231   837.8
19740101 19741231   787.9
19750101 19751231   524.9
19760101 19761231   386.1
19770101 19771231   404.4
19780101 19781231   641.6
19790101 19791231   586.5
19800101 19801231   460.4
19810101 19811231   551.2
19820101 19821231   312.6
19830101 19831231   595.8
19840101 19841231   474.2
19850101 19851231   545.4
19860101 19861231   460.6
19870101 19871231   454.0
19880101 19881231 99999.9
19890101 19891231   497.6
19900101 19901231   453.0
19910101 19911231   488.4
19920101 19921231   804.7
19930101 19931231   577.7
19940101 19941231   324.0
19950101 19951231   551.1
19960101 19961231   534.2
19970101 19971231   537.7
19980101 19981231   463.6
19990101 19991231   475.8
20000101 20001231   533.3
20010101 20011231   523.8
20020101 20021231   297.4
20030101 20031231   451.7
20040101 20041231   408.1
20050101 20051231   429.9
20060101 20061231   307.9
20070101 20071231   426.9
20080101 20081231   429.7
20090101 20091231   489.0
20100101 20101231   598.4
20110101 20111231   436.5
20120101 20121231 99999.9
20130101 20131231   410.5
20140101 20141231 99999.9
20150101 20151231   414.6
