PRCP       099005 19000101 20171231 missing_value=99999.9 FLINDERS ISLAND AIRPORT                   
19000101 19001231   700.3
19010101 19011231   623.4
19020101 19021231   598.6
19030101 19031231  1004.1
19040101 19041231   524.8
19050101 19051231   734.3
19060101 19061231   843.2
19070101 19071231   590.7
19080101 19081231   401.8
19090101 19091231   662.8
19100101 19101231   694.9
19110101 19111231   724.3
19120101 19121231   718.1
19130101 19131231   574.5
19140101 19141231   517.8
19150101 19151231   639.2
19160101 19161231   934.7
19170101 19171231  1135.6
19180101 19181231   659.0
19190101 19191231   561.8
19200101 19201231   689.4
19210101 19211231   701.4
19220101 19221231   792.3
19230101 19231231   887.2
19240101 19241231   820.6
19250101 19251231   544.8
19260101 19261231   665.7
19270101 19271231   512.3
19280101 19281231   819.0
19290101 19291231   893.8
19300101 19301231   694.4
19310101 19311231   828.9
19320101 19321231   861.3
19330101 19331231   648.3
19340101 19341231   895.2
19350101 19351231   955.8
19360101 19361231   973.4
19370101 19371231   675.7
19380101 19381231   690.7
19390101 19391231   954.4
19400101 19401231   739.8
19410101 19411231   598.0
19420101 19421231   676.9
19430101 19431231   500.7
19440101 19441231   542.0
19450101 19451231   538.6
19460101 19461231  1034.6
19470101 19471231   886.4
19480101 19481231   602.9
19490101 19491231   899.9
19500101 19501231   707.2
19510101 19511231   676.7
19520101 19521231  1062.4
19530101 19531231   699.8
19540101 19541231   576.2
19550101 19551231   934.8
19560101 19561231  1164.9
19570101 19571231   627.9
19580101 19581231   898.4
19590101 19591231   671.4
19600101 19601231   777.7
19610101 19611231   770.7
19620101 19621231   936.3
19630101 19631231   828.0
19640101 19641231   963.8
19650101 19651231   650.6
19660101 19661231   705.7
19670101 19671231   633.2
19680101 19681231   710.8
19690101 19691231   880.4
19700101 19701231  1007.2
19710101 19711231   943.5
19720101 19721231   586.9
19730101 19731231   860.0
19740101 19741231   910.1
19750101 19751231   733.4
19760101 19761231   694.8
19770101 19771231   670.8
19780101 19781231   832.0
19790101 19791231   723.2
19800101 19801231   684.8
19810101 19811231   903.8
19820101 19821231   591.0
19830101 19831231   770.8
19840101 19841231   683.0
19850101 19851231   924.8
19860101 19861231   896.8
19870101 19871231   694.8
19880101 19881231   709.2
19890101 19891231   823.2
19900101 19901231   678.0
19910101 19911231   869.0
19920101 19921231 99999.9
19930101 19931231 99999.9
19940101 19941231   527.4
19950101 19951231   628.8
19960101 19961231   745.0
19970101 19971231   435.0
19980101 19981231   689.8
19990101 19991231   522.0
20000101 20001231   823.2
20010101 20011231   847.8
20020101 20021231   584.8
20030101 20031231   606.0
20040101 20041231   659.2
20050101 20051231   650.4
20060101 20061231   373.0
20070101 20071231   623.4
20080101 20081231   608.8
20090101 20091231   774.1
20100101 20101231   658.3
20110101 20111231   794.5
20120101 20121231   626.3
20130101 20131231   688.2
20140101 20141231   537.7
20150101 20151231   476.8
20160101 20161231   869.4
20170101 20171231   665.6
