PRCP       059019 19280101 20171231 missing_value=99999.9 THE RACECOURSE                            
19280101 19281231  1885.8
19290101 19291231  1291.9
19300101 19301231  1067.7
19310101 19311231   976.2
19320101 19321231  1074.7
19330101 19331231  1488.1
19340101 19341231  1342.6
19350101 19351231   735.1
19360101 19361231  1107.8
19370101 19371231  1198.1
19380101 19381231  1064.3
19390101 19391231  1099.8
19400101 19401231   706.9
19410101 19411231   676.2
19420101 19421231  1252.1
19430101 19431231  1065.3
19440101 19441231  1063.8
19450101 19451231  1347.1
19460101 19461231   977.5
19470101 19471231  1464.8
19480101 19481231  1351.1
19490101 19491231  1612.5
19500101 19501231  2395.0
19510101 19511231   934.4
19520101 19521231  1234.2
19530101 19531231   925.4
19540101 19541231  1824.3
19550101 19551231  1227.1
19560101 19561231  1551.5
19570101 19571231   900.7
19580101 19581231  1050.5
19590101 19591231  1875.8
19600101 19601231   822.7
19610101 19611231  1129.3
19620101 19621231  1913.7
19630101 19631231  1572.6
19640101 19641231  1074.1
19650101 19651231  1089.9
19660101 19661231   884.8
19670101 19671231  1943.5
19680101 19681231  1120.3
19690101 19691231  1078.4
19700101 19701231  1036.4
19710101 19711231  1550.6
19720101 19721231  1396.9
19730101 19731231  1318.1
19740101 19741231  1633.7
19750101 19751231  1291.4
19760101 19761231  1390.4
19770101 19771231  1168.5
19780101 19781231  1161.7
19790101 19791231   778.4
19800101 19801231   939.9
19810101 19811231  1037.0
19820101 19821231  1154.0
19830101 19831231  1284.8
19840101 19841231  1421.0
19850101 19851231  1393.7
19860101 19861231   823.2
19870101 19871231  1170.9
19880101 19881231  1530.5
19890101 19891231  1712.7
19900101 19901231  1325.6
19910101 19911231  1031.7
19920101 19921231  1099.5
19930101 19931231  1142.8
19940101 19941231   819.8
19950101 19951231  1224.5
19960101 19961231  1531.4
19970101 19971231  1153.6
19980101 19981231   977.0
19990101 19991231  1752.4
20000101 20001231  1245.8
20010101 20011231  2025.2
20020101 20021231   999.2
20030101 20031231  1050.0
20040101 20041231  1265.4
20050101 20051231  1061.2
20060101 20061231  1720.2
20070101 20071231  1361.0
20080101 20081231 99999.9
20090101 20091231  2050.3
20100101 20101231 99999.9
20110101 20111231 99999.9
20120101 20121231  1345.1
20130101 20131231  1716.4
20140101 20141231  1096.8
20150101 20151231 99999.9
20160101 20161231  1147.6
20170101 20171231  1489.4
