PRCP       015528 19530101 20141231 missing_value=99999.9 YUENDUMU                                  
19530101 19531231   490.4
19540101 19541231   250.5
19550101 19551231   195.7
19560101 19561231   401.6
19570101 19571231   264.9
19580101 19581231   186.4
19590101 19591231   159.9
19600101 19601231   307.1
19610101 19611231    72.0
19620101 19621231   269.3
19630101 19631231   145.7
19640101 19641231   141.9
19650101 19651231   130.9
19660101 19661231   382.1
19670101 19671231   406.0
19680101 19681231   555.1
19690101 19691231   356.4
19700101 19701231   231.3
19710101 19711231   205.0
19720101 19721231   369.8
19730101 19731231   526.7
19740101 19741231  1206.9
19750101 19751231   680.8
19760101 19761231   398.3
19770101 19771231   412.3
19780101 19781231   523.5
19790101 19791231   587.3
19800101 19801231   307.4
19810101 19811231   371.0
19820101 19821231   533.5
19830101 19831231   556.6
19840101 19841231   321.9
19850101 19851231   167.9
19860101 19861231   358.6
19870101 19871231   305.9
19880101 19881231   351.4
19890101 19891231   387.6
19900101 19901231   240.9
19910101 19911231   187.5
19920101 19921231   260.4
19930101 19931231   377.8
19940101 19941231   170.3
19950101 19951231   234.7
19960101 19961231   168.9
19970101 19971231   456.2
19980101 19981231   259.2
19990101 19991231   340.7
20000101 20001231   887.1
20010101 20011231   785.9
20020101 20021231   176.1
20030101 20031231   402.0
20040101 20041231   474.2
20050101 20051231   322.3
20060101 20061231   380.1
20070101 20071231   372.4
20080101 20081231   290.7
20090101 20091231   188.0
20100101 20101231   686.6
20110101 20111231 99999.9
20120101 20121231 99999.9
20130101 20131231   253.5
20140101 20141231   415.2
