PRCP       003028 19080101 20171231 missing_value=99999.9 ANNA PLAINS                               
19080101 19081231   542.1
19090101 19091231   278.4
19100101 19101231   258.1
19110101 19111231   296.9
19120101 19121231   455.6
19130101 19131231   299.0
19140101 19141231   351.1
19150101 19151231   449.5
19160101 19161231   360.6
19170101 19171231   497.6
19180101 19181231   191.7
19190101 19191231   361.1
19200101 19201231   211.2
19210101 19211231   352.1
19220101 19221231   293.4
19230101 19231231   328.7
19240101 19241231    17.6
19250101 19251231   401.8
19260101 19261231   598.0
19270101 19271231   719.2
19280101 19281231   239.7
19290101 19291231   324.1
19300101 19301231   286.7
19310101 19311231   328.4
19320101 19321231   217.8
19330101 19331231   186.4
19340101 19341231   823.8
19350101 19351231   463.0
19360101 19361231   348.2
19370101 19371231   363.2
19380101 19381231   466.3
19390101 19391231   276.6
19400101 19401231   555.6
19410101 19411231   357.0
19420101 19421231   802.7
19430101 19431231   540.6
19440101 19441231    72.5
19450101 19451231   175.3
19460101 19461231   162.4
19470101 19471231   419.0
19480101 19481231   389.3
19490101 19491231   338.5
19500101 19501231   252.4
19510101 19511231   211.7
19520101 19521231   130.9
19530101 19531231   185.6
19540101 19541231   398.7
19550101 19551231   522.4
19560101 19561231   399.8
19570101 19571231   281.6
19580101 19581231   128.0
19590101 19591231   178.9
19600101 19601231   398.2
19610101 19611231   272.8
19620101 19621231   422.3
19630101 19631231   525.5
19640101 19641231   778.5
19650101 19651231   298.3
19660101 19661231   352.1
19670101 19671231   317.0
19680101 19681231   581.7
19690101 19691231   335.5
19700101 19701231   256.8
19710101 19711231   416.6
19720101 19721231   111.0
19730101 19731231   348.2
19740101 19741231   651.8
19750101 19751231   148.5
19760101 19761231   354.6
19770101 19771231   177.0
19780101 19781231   611.6
19790101 19791231   331.2
19800101 19801231   793.5
19810101 19811231   945.1
19820101 19821231   946.6
19830101 19831231   475.6
19840101 19841231   473.5
19850101 19851231   337.6
19860101 19861231   187.8
19870101 19871231   345.7
19880101 19881231   411.4
19890101 19891231   429.5
19900101 19901231   138.0
19910101 19911231   301.2
19920101 19921231    86.8
19930101 19931231   780.7
19940101 19941231   410.5
19950101 19951231   746.3
19960101 19961231   426.6
19970101 19971231   769.3
19980101 19981231   600.8
19990101 19991231   732.1
20000101 20001231  1827.3
20010101 20011231   590.8
20020101 20021231   330.5
20030101 20031231   396.6
20040101 20041231   615.1
20050101 20051231   215.6
20060101 20061231   523.1
20070101 20071231   367.6
20080101 20081231   307.0
20090101 20091231   351.7
20100101 20101231   278.3
20110101 20111231   792.5
20120101 20121231   681.6
20130101 20131231 99999.9
20140101 20141231 99999.9
20150101 20151231   242.6
20160101 20161231   388.4
20170101 20171231   577.7
