PRCP       018002 18990101 20161231 missing_value=99999.9 PENNALUMBA                                
18990101 18991231   264.5
19000101 19001231   397.2
19010101 19011231   369.5
19020101 19021231   366.7
19030101 19031231   390.2
19040101 19041231   303.0
19050101 19051231   221.4
19060101 19061231   273.6
19070101 19071231   217.4
19080101 19081231   302.6
19090101 19091231   326.0
19100101 19101231   278.0
19110101 19111231   284.1
19120101 19121231   347.8
19130101 19131231   339.5
19140101 19141231   186.3
19150101 19151231   352.6
19160101 19161231   543.0
19170101 19171231   408.7
19180101 19181231   207.1
19190101 19191231   258.9
19200101 19201231   342.3
19210101 19211231   331.5
19220101 19221231   357.8
19230101 19231231   211.6
19240101 19241231   209.1
19250101 19251231   168.6
19260101 19261231   205.0
19270101 19271231   252.8
19280101 19281231   185.2
19290101 19291231   187.5
19300101 19301231   230.7
19310101 19311231   574.7
19320101 19321231   478.9
19330101 19331231   373.8
19340101 19341231   252.4
19350101 19351231   357.4
19360101 19361231   270.8
19370101 19371231   301.5
19380101 19381231   270.5
19390101 19391231   272.0
19400101 19401231   184.4
19410101 19411231   246.5
19420101 19421231   341.6
19430101 19431231   157.3
19440101 19441231   162.0
19450101 19451231   294.8
19460101 19461231   191.8
19470101 19471231   254.8
19480101 19481231   143.5
19490101 19491231   248.4
19500101 19501231   262.8
19510101 19511231   307.5
19520101 19521231   315.5
19530101 19531231   333.8
19540101 19541231   294.6
19550101 19551231   331.4
19560101 19561231   381.7
19570101 19571231   235.1
19580101 19581231   330.9
19590101 19591231   201.6
19600101 19601231   343.2
19610101 19611231   163.0
19620101 19621231   227.0
19630101 19631231   224.9
19640101 19641231   308.1
19650101 19651231   167.3
19660101 19661231   449.1
19670101 19671231   176.4
19680101 19681231   550.5
19690101 19691231   398.4
19700101 19701231   236.1
19710101 19711231   374.8
19720101 19721231   204.6
19730101 19731231   404.1
19740101 19741231   376.8
19750101 19751231   359.6
19760101 19761231   246.8
19770101 19771231   171.4
19780101 19781231   380.7
19790101 19791231   381.5
19800101 19801231   216.1
19810101 19811231   295.8
19820101 19821231   173.8
19830101 19831231   411.1
19840101 19841231   278.3
19850101 19851231   170.0
19860101 19861231   328.8
19870101 19871231   186.6
19880101 19881231   182.3
19890101 19891231   318.6
19900101 19901231   341.8
19910101 19911231   338.8
19920101 19921231   496.2
19930101 19931231   364.2
19940101 19941231 99999.9
19950101 19951231   286.2
19960101 19961231   295.4
19970101 19971231   366.5
19980101 19981231   297.6
19990101 19991231   179.8
20000101 20001231   267.5
20010101 20011231   403.9
20020101 20021231   213.4
20030101 20031231   297.8
20040101 20041231   284.0
20050101 20051231   272.2
20060101 20061231 99999.9
20070101 20071231   284.3
20080101 20081231 99999.9
20090101 20091231 99999.9
20100101 20101231   402.4
20110101 20111231 99999.9
20120101 20121231   199.8
20130101 20131231   310.6
20140101 20141231   279.0
20150101 20151231   249.2
20160101 20161231   449.4
