PRCP       041011 19090101 20131231 missing_value=99999.9 CAMBOOYA POST OFFICE                      
19090101 19091231   660.1
19100101 19101231   973.7
19110101 19111231   536.1
19120101 19121231   682.2
19130101 19131231   535.8
19140101 19141231   806.3
19150101 19151231   421.5
19160101 19161231   886.5
19170101 19171231   945.7
19180101 19181231   440.6
19190101 19191231   358.7
19200101 19201231   860.7
19210101 19211231   770.7
19220101 19221231   592.7
19230101 19231231   583.6
19240101 19241231   820.8
19250101 19251231   647.4
19260101 19261231   596.6
19270101 19271231   796.8
19280101 19281231   780.0
19290101 19291231   723.4
19300101 19301231   694.5
19310101 19311231   776.1
19320101 19321231   605.6
19330101 19331231   737.5
19340101 19341231   827.5
19350101 19351231   623.6
19360101 19361231   385.9
19370101 19371231   639.1
19380101 19381231   654.3
19390101 19391231   779.5
19400101 19401231   690.2
19410101 19411231   523.2
19420101 19421231   956.0
19430101 19431231   735.8
19440101 19441231   590.9
19450101 19451231   708.2
19460101 19461231   677.3
19470101 19471231   793.4
19480101 19481231   633.4
19490101 19491231   738.6
19500101 19501231   990.4
19510101 19511231   685.7
19520101 19521231   729.8
19530101 19531231   581.2
19540101 19541231   834.6
19550101 19551231   857.9
19560101 19561231  1013.8
19570101 19571231   411.0
19580101 19581231   713.7
19590101 19591231   790.0
19600101 19601231   560.2
19610101 19611231   691.4
19620101 19621231   707.7
19630101 19631231   767.7
19640101 19641231   881.8
19650101 19651231   606.6
19660101 19661231   651.2
19670101 19671231   700.3
19680101 19681231   701.2
19690101 19691231   645.2
19700101 19701231   636.2
19710101 19711231   803.5
19720101 19721231   675.4
19730101 19731231   643.6
19740101 19741231   931.1
19750101 19751231  1008.2
19760101 19761231   802.0
19770101 19771231   606.6
19780101 19781231   888.4
19790101 19791231   619.8
19800101 19801231   608.6
19810101 19811231   984.6
19820101 19821231   607.3
19830101 19831231   992.5
19840101 19841231   762.8
19850101 19851231   708.9
19860101 19861231   698.8
19870101 19871231   550.3
19880101 19881231   979.2
19890101 19891231   835.8
19900101 19901231   606.8
19910101 19911231   670.3
19920101 19921231 99999.9
19930101 19931231 99999.9
19940101 19941231 99999.9
19950101 19951231 99999.9
19960101 19961231   933.4
19970101 19971231   620.0
19980101 19981231   671.0
19990101 19991231   771.5
20000101 20001231   419.2
20010101 20011231   740.1
20020101 20021231   444.4
20030101 20031231   633.6
20040101 20041231   638.7
20050101 20051231   524.4
20060101 20061231   476.7
20070101 20071231   508.1
20080101 20081231   762.4
20090101 20091231   445.9
20100101 20101231   966.2
20110101 20111231   798.5
20120101 20121231   587.8
20130101 20131231   633.1
