PRCP       045022 19310101 20161231 missing_value=99999.9 WHYNOT STATION                            
19310101 19311231   415.8
19320101 19321231   191.2
19330101 19331231   390.5
19340101 19341231   378.8
19350101 19351231   252.2
19360101 19361231   299.6
19370101 19371231   128.8
19380101 19381231   152.5
19390101 19391231   434.2
19400101 19401231   154.2
19410101 19411231   441.5
19420101 19421231   502.4
19430101 19431231   256.4
19440101 19441231   227.9
19450101 19451231   205.3
19460101 19461231   179.3
19470101 19471231   525.7
19480101 19481231   347.8
19490101 19491231   690.9
19500101 19501231   868.7
19510101 19511231   221.1
19520101 19521231   269.4
19530101 19531231   342.8
19540101 19541231   583.8
19550101 19551231   612.6
19560101 19561231   696.0
19570101 19571231   227.6
19580101 19581231   181.0
19590101 19591231   259.2
19600101 19601231   254.8
19610101 19611231   202.5
19620101 19621231   326.3
19630101 19631231   438.3
19640101 19641231   271.6
19650101 19651231    99.6
19660101 19661231   256.3
19670101 19671231   231.1
19680101 19681231   280.4
19690101 19691231   169.4
19700101 19701231   242.7
19710101 19711231   288.0
19720101 19721231   196.5
19730101 19731231   651.8
19740101 19741231   663.5
19750101 19751231   634.2
19760101 19761231   588.2
19770101 19771231   322.8
19780101 19781231   480.4
19790101 19791231   252.0
19800101 19801231   156.8
19810101 19811231   354.2
19820101 19821231   126.0
19830101 19831231   442.4
19840101 19841231   303.6
19850101 19851231   312.0
19860101 19861231   101.6
19870101 19871231   281.2
19880101 19881231   159.6
19890101 19891231   496.2
19900101 19901231   471.6
19910101 19911231   310.2
19920101 19921231   252.0
19930101 19931231   226.0
19940101 19941231   267.0
19950101 19951231   346.0
19960101 19961231   339.0
19970101 19971231   299.0
19980101 19981231   407.0
19990101 19991231   481.0
20000101 20001231   616.0
20010101 20011231   197.0
20020101 20021231   167.0
20030101 20031231   234.0
20040101 20041231   293.0
20050101 20051231   154.0
20060101 20061231   165.0
20070101 20071231   248.0
20080101 20081231   197.0
20090101 20091231   213.0
20100101 20101231   922.0
20110101 20111231   592.0
20120101 20121231 99999.9
20130101 20131231   161.0
20140101 20141231 99999.9
20150101 20151231   198.0
20160101 20161231   471.0
