PRCP       007014 19030101 20171231 missing_value=99999.9 COODARDY                                  
19030101 19031231   113.6
19040101 19041231   277.4
19050101 19051231   158.8
19060101 19061231   200.2
19070101 19071231   180.6
19080101 19081231   276.3
19090101 19091231   269.9
19100101 19101231   156.3
19110101 19111231    67.6
19120101 19121231   155.0
19130101 19131231   273.0
19140101 19141231   201.2
19150101 19151231   491.6
19160101 19161231   232.8
19170101 19171231   312.7
19180101 19181231   427.2
19190101 19191231   169.6
19200101 19201231   185.1
19210101 19211231   284.9
19220101 19221231   150.8
19230101 19231231   200.5
19240101 19241231   132.7
19250101 19251231   358.0
19260101 19261231   324.4
19270101 19271231   326.4
19280101 19281231   177.3
19290101 19291231   227.1
19300101 19301231   162.5
19310101 19311231   229.7
19320101 19321231   236.7
19330101 19331231   287.9
19340101 19341231   325.4
19350101 19351231    80.5
19360101 19361231    83.2
19370101 19371231   193.8
19380101 19381231   123.8
19390101 19391231   126.8
19400101 19401231    51.4
19410101 19411231   265.9
19420101 19421231   415.7
19430101 19431231   129.5
19440101 19441231    71.8
19450101 19451231   216.7
19460101 19461231    77.1
19470101 19471231   345.2
19480101 19481231   311.0
19490101 19491231   137.2
19500101 19501231   119.9
19510101 19511231   274.5
19520101 19521231   184.0
19530101 19531231   175.9
19540101 19541231    74.2
19550101 19551231   382.3
19560101 19561231    92.4
19570101 19571231   209.8
19580101 19581231   224.9
19590101 19591231    79.4
19600101 19601231   290.4
19610101 19611231   104.8
19620101 19621231   165.8
19630101 19631231   442.8
19640101 19641231   168.4
19650101 19651231   282.2
19660101 19661231   225.6
19670101 19671231   252.0
19680101 19681231   292.2
19690101 19691231    97.5
19700101 19701231   150.8
19710101 19711231   271.0
19720101 19721231   180.3
19730101 19731231   244.1
19740101 19741231   392.7
19750101 19751231   557.1
19760101 19761231    96.6
19770101 19771231   103.3
19780101 19781231   194.1
19790101 19791231    78.5
19800101 19801231   396.3
19810101 19811231   208.1
19820101 19821231   290.6
19830101 19831231   193.7
19840101 19841231   291.5
19850101 19851231   147.6
19860101 19861231   237.0
19870101 19871231   231.0
19880101 19881231   245.5
19890101 19891231   256.1
19900101 19901231   182.3
19910101 19911231    99.6
19920101 19921231   482.9
19930101 19931231   265.2
19940101 19941231   341.8
19950101 19951231   396.2
19960101 19961231 99999.9
19970101 19971231   469.9
19980101 19981231 99999.9
19990101 19991231   344.8
20000101 20001231   430.0
20010101 20011231   302.6
20020101 20021231    92.5
20030101 20031231   173.1
20040101 20041231   227.0
20050101 20051231   243.0
20060101 20061231   540.0
20070101 20071231   130.6
20080101 20081231   306.5
20090101 20091231   204.4
20100101 20101231   240.4
20110101 20111231   381.0
20120101 20121231   244.5
20130101 20131231 99999.9
20140101 20141231   255.9
20150101 20151231   396.0
20160101 20161231   242.8
20170101 20171231   165.5
