PRCP       010041 19100101 20171231 missing_value=99999.9 DOONGIN PEAK                              
19100101 19101231   382.0
19110101 19111231   194.2
19120101 19121231   276.2
19130101 19131231   286.5
19140101 19141231   129.3
19150101 19151231   444.9
19160101 19161231   326.0
19170101 19171231   551.2
19180101 19181231   463.6
19190101 19191231   317.8
19200101 19201231   356.8
19210101 19211231   341.9
19220101 19221231   317.9
19230101 19231231   356.7
19240101 19241231   238.2
19250101 19251231   329.1
19260101 19261231   428.4
19270101 19271231   355.8
19280101 19281231   267.6
19290101 19291231   342.7
19300101 19301231   344.8
19310101 19311231   326.9
19320101 19321231   452.2
19330101 19331231   287.5
19340101 19341231   359.8
19350101 19351231   240.2
19360101 19361231   256.4
19370101 19371231   229.3
19380101 19381231   256.9
19390101 19391231   580.1
19400101 19401231   221.8
19410101 19411231   467.5
19420101 19421231   344.7
19430101 19431231   372.2
19440101 19441231   230.5
19450101 19451231   413.6
19460101 19461231   365.5
19470101 19471231   320.2
19480101 19481231   288.7
19490101 19491231   233.6
19500101 19501231   235.3
19510101 19511231   343.9
19520101 19521231   305.1
19530101 19531231   424.2
19540101 19541231   212.0
19550101 19551231   448.4
19560101 19561231   269.0
19570101 19571231   298.4
19580101 19581231   341.9
19590101 19591231   215.3
19600101 19601231   329.6
19610101 19611231   247.2
19620101 19621231   314.8
19630101 19631231   565.8
19640101 19641231   365.5
19650101 19651231   343.5
19660101 19661231   370.7
19670101 19671231   290.2
19680101 19681231   520.5
19690101 19691231   184.8
19700101 19701231   333.7
19710101 19711231   324.7
19720101 19721231   198.2
19730101 19731231   355.0
19740101 19741231   453.7
19750101 19751231   292.8
19760101 19761231   298.0
19770101 19771231   246.7
19780101 19781231   346.2
19790101 19791231   350.3
19800101 19801231   185.5
19810101 19811231   380.1
19820101 19821231   268.0
19830101 19831231   370.8
19840101 19841231   350.1
19850101 19851231   216.7
19860101 19861231   332.6
19870101 19871231   302.3
19880101 19881231   330.7
19890101 19891231   304.0
19900101 19901231   359.7
19910101 19911231   319.9
19920101 19921231   424.3
19930101 19931231   329.5
19940101 19941231 99999.9
19950101 19951231   433.4
19960101 19961231   318.8
19970101 19971231   311.7
19980101 19981231   306.9
19990101 19991231   504.3
20000101 20001231   310.3
20010101 20011231   292.4
20020101 20021231   231.8
20030101 20031231   397.7
20040101 20041231   262.4
20050101 20051231 99999.9
20060101 20061231   303.9
20070101 20071231   265.6
20080101 20081231   342.8
20090101 20091231 99999.9
20100101 20101231 99999.9
20110101 20111231 99999.9
20120101 20121231 99999.9
20130101 20131231 99999.9
20140101 20141231   305.0
20150101 20151231   299.0
20160101 20161231   369.9
20170101 20171231   467.6
