PRCP       002020 19110101 20131231 missing_value=99999.9 MOOLA BULLA                               
19110101 19111231   420.7
19120101 19121231   311.1
19130101 19131231   336.8
19140101 19141231   994.8
19150101 19151231   412.5
19160101 19161231   423.8
19170101 19171231   820.9
19180101 19181231   504.6
19190101 19191231   407.8
19200101 19201231   425.0
19210101 19211231   670.0
19220101 19221231   866.8
19230101 19231231   596.3
19240101 19241231   295.5
19250101 19251231   493.7
19260101 19261231   914.3
19270101 19271231   411.7
19280101 19281231   335.9
19290101 19291231   240.0
19300101 19301231   683.5
19310101 19311231   197.4
19320101 19321231   466.1
19330101 19331231   330.1
19340101 19341231   506.8
19350101 19351231   441.6
19360101 19361231   330.3
19370101 19371231   577.6
19380101 19381231   337.1
19390101 19391231   388.2
19400101 19401231   373.5
19410101 19411231   522.9
19420101 19421231   701.3
19430101 19431231   402.1
19440101 19441231   499.4
19450101 19451231   290.2
19460101 19461231   243.8
19470101 19471231   499.5
19480101 19481231   325.3
19490101 19491231   549.3
19500101 19501231   473.2
19510101 19511231   341.2
19520101 19521231   213.0
19530101 19531231   613.7
19540101 19541231   319.8
19550101 19551231   467.4
19560101 19561231   492.4
19570101 19571231   358.8
19580101 19581231   354.2
19590101 19591231   793.9
19600101 19601231   591.8
19610101 19611231   227.3
19620101 19621231   457.6
19630101 19631231   300.4
19640101 19641231   232.4
19650101 19651231   334.2
19660101 19661231   550.9
19670101 19671231   612.5
19680101 19681231   594.3
19690101 19691231   809.4
19700101 19701231   331.2
19710101 19711231   644.1
19720101 19721231   228.9
19730101 19731231   521.2
19740101 19741231   798.2
19750101 19751231   739.1
19760101 19761231   467.0
19770101 19771231   678.5
19780101 19781231   740.2
19790101 19791231   585.1
19800101 19801231   727.0
19810101 19811231   586.9
19820101 19821231  1022.7
19830101 19831231   580.3
19840101 19841231   583.5
19850101 19851231   305.7
19860101 19861231   707.8
19870101 19871231   697.4
19880101 19881231   500.7
19890101 19891231   265.5
19900101 19901231   529.8
19910101 19911231   710.0
19920101 19921231   224.0
19930101 19931231  1069.0
19940101 19941231   609.0
19950101 19951231   624.5
19960101 19961231   731.7
19970101 19971231   858.3
19980101 19981231   599.9
19990101 19991231   898.5
20000101 20001231  1115.6
20010101 20011231   955.7
20020101 20021231   536.0
20030101 20031231   514.7
20040101 20041231 99999.9
20050101 20051231   398.2
20060101 20061231   623.4
20070101 20071231 99999.9
20080101 20081231   683.4
20090101 20091231   455.5
20100101 20101231 99999.9
20110101 20111231  1279.8
20120101 20121231   593.3
20130101 20131231   659.7
