PRCP       044054 19050101 20171231 missing_value=99999.9 MULGA DOWNS                               
19050101 19051231   249.0
19060101 19061231   602.6
19070101 19071231   275.2
19080101 19081231   247.7
19090101 19091231   468.7
19100101 19101231   190.9
19110101 19111231   473.2
19120101 19121231   211.4
19130101 19131231   399.4
19140101 19141231   277.2
19150101 19151231   169.4
19160101 19161231   453.0
19170101 19171231   519.6
19180101 19181231   330.8
19190101 19191231   370.9
19200101 19201231   677.7
19210101 19211231   747.1
19220101 19221231   186.7
19230101 19231231   226.9
19240101 19241231   378.4
19250101 19251231   333.6
19260101 19261231   486.1
19270101 19271231   419.3
19280101 19281231   286.2
19290101 19291231   168.3
19300101 19301231   336.9
19310101 19311231   470.1
19320101 19321231   189.3
19330101 19331231   451.4
19340101 19341231   332.5
19350101 19351231   183.6
19360101 19361231   384.4
19370101 19371231   308.2
19380101 19381231   404.6
19390101 19391231   333.5
19400101 19401231   235.4
19410101 19411231   349.5
19420101 19421231   596.2
19430101 19431231   250.9
19440101 19441231   129.9
19450101 19451231   259.3
19460101 19461231   201.6
19470101 19471231   456.1
19480101 19481231   443.7
19490101 19491231   477.8
19500101 19501231   892.4
19510101 19511231   249.4
19520101 19521231   416.2
19530101 19531231   440.9
19540101 19541231   534.9
19550101 19551231   630.6
19560101 19561231   797.7
19570101 19571231   374.2
19580101 19581231   342.3
19590101 19591231   401.6
19600101 19601231   266.3
19610101 19611231   337.0
19620101 19621231   517.2
19630101 19631231   487.0
19640101 19641231   363.7
19650101 19651231   205.8
19660101 19661231   264.9
19670101 19671231   214.2
19680101 19681231   378.5
19690101 19691231   419.6
19700101 19701231   321.0
19710101 19711231   569.4
19720101 19721231   298.1
19730101 19731231   604.8
19740101 19741231   699.8
19750101 19751231   369.6
19760101 19761231   812.4
19770101 19771231   371.0
19780101 19781231   596.0
19790101 19791231   243.8
19800101 19801231   202.2
19810101 19811231   409.0
19820101 19821231   152.2
19830101 19831231   607.8
19840101 19841231   442.6
19850101 19851231   303.8
19860101 19861231   309.6
19870101 19871231   401.4
19880101 19881231   606.2
19890101 19891231   450.0
19900101 19901231   677.2
19910101 19911231   384.2
19920101 19921231   237.4
19930101 19931231   374.8
19940101 19941231   244.2
19950101 19951231   447.1
19960101 19961231   401.0
19970101 19971231   425.3
19980101 19981231   601.0
19990101 19991231   604.6
20000101 20001231   529.3
20010101 20011231   353.4
20020101 20021231   198.2
20030101 20031231   329.4
20040101 20041231   610.0
20050101 20051231   198.8
20060101 20061231   238.8
20070101 20071231 99999.9
20080101 20081231   577.4
20090101 20091231   440.0
20100101 20101231 99999.9
20110101 20111231 99999.9
20120101 20121231 99999.9
20130101 20131231   195.8
20140101 20141231 99999.9
20150101 20151231   259.8
20160101 20161231   532.8
20170101 20171231   244.9
