PRCP       016055 18940101 20171231 missing_value=99999.9 YARDEA                                    
18940101 18941231   218.1
18950101 18951231   288.2
18960101 18961231   221.6
18970101 18971231   164.1
18980101 18981231   263.8
18990101 18991231   181.0
19000101 19001231   287.5
19010101 19011231   386.1
19020101 19021231   209.2
19030101 19031231   282.3
19040101 19041231   268.7
19050101 19051231   212.2
19060101 19061231   281.1
19070101 19071231   203.3
19080101 19081231   366.3
19090101 19091231   307.5
19100101 19101231   397.4
19110101 19111231   240.8
19120101 19121231   301.8
19130101 19131231   324.0
19140101 19141231   183.5
19150101 19151231   216.6
19160101 19161231   308.0
19170101 19171231   385.7
19180101 19181231   243.3
19190101 19191231   222.6
19200101 19201231   381.7
19210101 19211231   473.3
19220101 19221231   181.7
19230101 19231231   258.3
19240101 19241231   292.8
19250101 19251231   199.9
19260101 19261231   316.5
19270101 19271231   172.3
19280101 19281231   113.1
19290101 19291231   175.6
19300101 19301231   233.6
19310101 19311231   254.7
19320101 19321231   269.7
19330101 19331231   288.2
19340101 19341231   234.4
19350101 19351231   289.4
19360101 19361231   242.3
19370101 19371231   248.6
19380101 19381231   295.9
19390101 19391231   302.8
19400101 19401231   163.9
19410101 19411231   286.5
19420101 19421231   341.9
19430101 19431231   197.5
19440101 19441231   165.9
19450101 19451231   308.7
19460101 19461231   402.8
19470101 19471231   217.9
19480101 19481231   162.9
19490101 19491231   289.6
19500101 19501231   317.6
19510101 19511231   314.2
19520101 19521231   296.7
19530101 19531231   244.9
19540101 19541231   187.7
19550101 19551231   340.6
19560101 19561231   492.0
19570101 19571231   122.4
19580101 19581231   351.7
19590101 19591231   156.5
19600101 19601231   314.0
19610101 19611231   213.8
19620101 19621231   254.9
19630101 19631231   242.8
19640101 19641231   301.5
19650101 19651231   264.9
19660101 19661231   340.1
19670101 19671231   148.4
19680101 19681231   474.2
19690101 19691231   325.3
19700101 19701231   194.2
19710101 19711231   274.9
19720101 19721231   190.7
19730101 19731231   486.6
19740101 19741231   428.0
19750101 19751231   229.0
19760101 19761231   228.6
19770101 19771231   179.4
19780101 19781231   302.4
19790101 19791231   486.1
19800101 19801231   276.9
19810101 19811231   278.0
19820101 19821231   177.6
19830101 19831231   258.8
19840101 19841231   275.3
19850101 19851231   247.8
19860101 19861231   310.4
19870101 19871231   237.4
19880101 19881231   198.0
19890101 19891231   310.8
19900101 19901231   312.0
19910101 19911231   320.0
19920101 19921231   565.5
19930101 19931231   329.8
19940101 19941231   105.6
19950101 19951231   253.2
19960101 19961231   238.8
19970101 19971231   345.2
19980101 19981231 99999.9
19990101 19991231 99999.9
20000101 20001231   290.6
20010101 20011231   293.0
20020101 20021231   179.6
20030101 20031231   259.0
20040101 20041231   238.8
20050101 20051231   265.6
20060101 20061231   186.6
20070101 20071231 99999.9
20080101 20081231   166.4
20090101 20091231 99999.9
20100101 20101231   402.6
20110101 20111231   395.5
20120101 20121231   213.2
20130101 20131231   313.4
20140101 20141231 99999.9
20150101 20151231   226.2
20160101 20161231   416.2
20170101 20171231   253.4
