PRCP       099001 18710101 20171231 missing_value=99999.9 DEAL ISLAND                               
18710101 18711231   740.3
18720101 18721231   661.5
18730101 18731231   585.7
18740101 18741231   703.6
18750101 18751231   778.8
18760101 18761231   639.6
18770101 18771231   582.4
18780101 18781231   613.6
18790101 18791231   749.0
18800101 18801231  1047.0
18810101 18811231   594.5
18820101 18821231   599.3
18830101 18831231   651.1
18840101 18841231   580.6
18850101 18851231   706.5
18860101 18861231   755.9
18870101 18871231   792.4
18880101 18881231   600.6
18890101 18891231   852.4
18900101 18901231   652.1
18910101 18911231   662.8
18920101 18921231   837.4
18930101 18931231   756.4
18940101 18941231   798.7
18950101 18951231   791.4
18960101 18961231   710.5
18970101 18971231   652.0
18980101 18981231   545.2
18990101 18991231   694.4
19000101 19001231   685.9
19010101 19011231   679.7
19020101 19021231   539.3
19030101 19031231   792.7
19040101 19041231   456.9
19050101 19051231   824.7
19060101 19061231   892.5
19070101 19071231   669.9
19080101 19081231   516.0
19090101 19091231   685.3
19100101 19101231   751.6
19110101 19111231   439.3
19120101 19121231   339.8
19130101 19131231   482.7
19140101 19141231   366.2
19150101 19151231   623.0
19160101 19161231   734.9
19170101 19171231   904.4
19180101 19181231   609.3
19190101 19191231   607.1
19200101 19201231   717.2
19210101 19211231   673.5
19220101 19221231   845.5
19230101 19231231   815.6
19240101 19241231   764.2
19250101 19251231   728.7
19260101 19261231   639.2
19270101 19271231   482.1
19280101 19281231   766.8
19290101 19291231   758.4
19300101 19301231   573.3
19310101 19311231   680.7
19320101 19321231   631.0
19330101 19331231   605.4
19340101 19341231   874.0
19350101 19351231   965.7
19360101 19361231   973.5
19370101 19371231   667.1
19380101 19381231   735.7
19390101 19391231   928.3
19400101 19401231   558.8
19410101 19411231   570.8
19420101 19421231   965.2
19430101 19431231   885.4
19440101 19441231   562.0
19450101 19451231   553.2
19460101 19461231   957.4
19470101 19471231  1098.4
19480101 19481231   723.8
19490101 19491231   752.3
19500101 19501231   557.0
19510101 19511231   802.5
19520101 19521231   869.5
19530101 19531231   742.5
19540101 19541231   665.1
19550101 19551231   831.0
19560101 19561231  1258.2
19570101 19571231   694.7
19580101 19581231   837.9
19590101 19591231   612.4
19600101 19601231   769.6
19610101 19611231   782.2
19620101 19621231   873.5
19630101 19631231   888.3
19640101 19641231   817.6
19650101 19651231   634.5
19660101 19661231   588.5
19670101 19671231   521.7
19680101 19681231   882.5
19690101 19691231   698.4
19700101 19701231  1056.8
19710101 19711231   788.7
19720101 19721231   487.0
19730101 19731231   933.5
19740101 19741231   939.4
19750101 19751231   860.3
19760101 19761231   650.5
19770101 19771231   603.8
19780101 19781231   727.0
19790101 19791231   776.9
19800101 19801231   679.9
19810101 19811231   836.3
19820101 19821231   393.2
19830101 19831231   660.4
19840101 19841231   806.0
19850101 19851231   774.6
19860101 19861231   772.4
19870101 19871231   572.0
19880101 19881231   782.4
19890101 19891231   786.4
19900101 19901231   641.6
19910101 19911231   793.4
19920101 19921231   872.4
19930101 19931231   714.4
19940101 19941231   595.8
19950101 19951231   601.2
19960101 19961231   744.0
19970101 19971231   470.2
19980101 19981231 99999.9
19990101 19991231 99999.9
20000101 20001231 99999.9
20010101 20011231  1004.4
20020101 20021231   648.0
20030101 20031231   577.1
20040101 20041231   720.2
20050101 20051231   566.3
20060101 20061231   388.9
20070101 20071231   643.8
20080101 20081231   534.3
20090101 20091231   847.9
20100101 20101231   795.4
20110101 20111231   962.5
20120101 20121231   887.0
20130101 20131231   854.9
20140101 20141231   671.1
20150101 20151231   512.1
20160101 20161231   890.3
20170101 20171231   674.5
