PRCP       007169 19370101 20101231 missing_value=99999.9 RHODES RIDGE                              
19370101 19371231   258.4
19380101 19381231   214.9
19390101 19391231   230.8
19400101 19401231   145.8
19410101 19411231   176.5
19420101 19421231   738.2
19430101 19431231   424.3
19440101 19441231    32.0
19450101 19451231   195.0
19460101 19461231   325.8
19470101 19471231   344.4
19480101 19481231   319.2
19490101 19491231   174.1
19500101 19501231   211.8
19510101 19511231    92.7
19520101 19521231   219.3
19530101 19531231   157.3
19540101 19541231   216.1
19550101 19551231   454.8
19560101 19561231   104.9
19570101 19571231   142.8
19580101 19581231   186.2
19590101 19591231   277.5
19600101 19601231   311.7
19610101 19611231   334.6
19620101 19621231   159.7
19630101 19631231   242.6
19640101 19641231   191.0
19650101 19651231   213.5
19660101 19661231   298.0
19670101 19671231   136.8
19680101 19681231   353.1
19690101 19691231   124.5
19700101 19701231   178.2
19710101 19711231   449.9
19720101 19721231   151.0
19730101 19731231   628.4
19740101 19741231   290.3
19750101 19751231   511.1
19760101 19761231   201.5
19770101 19771231   152.2
19780101 19781231   387.9
19790101 19791231   270.5
19800101 19801231   551.4
19810101 19811231   325.8
19820101 19821231   411.8
19830101 19831231   221.5
19840101 19841231   320.4
19850101 19851231   322.9
19860101 19861231   168.5
19870101 19871231   287.8
19880101 19881231   373.8
19890101 19891231   287.5
19900101 19901231   241.3
19910101 19911231   240.2
19920101 19921231   339.8
19930101 19931231   370.0
19940101 19941231   242.1
19950101 19951231   609.3
19960101 19961231   241.1
19970101 19971231   718.6
19980101 19981231 99999.9
19990101 19991231   771.7
20000101 20001231   861.4
20010101 20011231   406.6
20020101 20021231   387.9
20030101 20031231 99999.9
20040101 20041231 99999.9
20050101 20051231 99999.9
20060101 20061231 99999.9
20070101 20071231 99999.9
20080101 20081231 99999.9
20090101 20091231 99999.9
20100101 20101231   186.8
