PRCP       017004 19100101 20121231 missing_value=99999.9 ANNA CREEK                                
19100101 19101231   240.5
19110101 19111231   142.2
19120101 19121231    81.9
19130101 19131231   156.3
19140101 19141231   122.0
19150101 19151231    59.6
19160101 19161231   172.9
19170101 19171231   148.3
19180101 19181231    52.4
19190101 19191231    69.3
19200101 19201231   284.3
19210101 19211231   218.7
19220101 19221231   159.5
19230101 19231231   126.1
19240101 19241231   113.4
19250101 19251231    69.0
19260101 19261231   141.5
19270101 19271231    85.3
19280101 19281231   103.1
19290101 19291231    47.4
19300101 19301231   207.6
19310101 19311231    89.6
19320101 19321231   118.5
19330101 19331231    63.5
19340101 19341231    78.5
19350101 19351231   158.5
19360101 19361231   108.5
19370101 19371231    77.8
19380101 19381231   181.7
19390101 19391231   257.6
19400101 19401231    21.6
19410101 19411231   123.4
19420101 19421231   126.9
19430101 19431231    59.8
19440101 19441231    20.1
19450101 19451231   171.7
19460101 19461231   128.2
19470101 19471231   123.6
19480101 19481231   110.5
19490101 19491231   131.5
19500101 19501231   230.0
19510101 19511231    41.9
19520101 19521231   135.2
19530101 19531231   108.2
19540101 19541231    86.7
19550101 19551231   192.5
19560101 19561231    99.5
19570101 19571231    97.6
19580101 19581231   184.6
19590101 19591231   143.3
19600101 19601231    76.7
19610101 19611231    64.8
19620101 19621231    87.8
19630101 19631231   116.5
19640101 19641231   111.6
19650101 19651231    66.0
19660101 19661231   185.8
19670101 19671231    84.6
19680101 19681231   247.6
19690101 19691231   224.2
19700101 19701231    97.0
19710101 19711231   117.4
19720101 19721231    32.5
19730101 19731231   392.3
19740101 19741231   425.6
19750101 19751231   209.8
19760101 19761231   214.0
19770101 19771231    87.0
19780101 19781231   168.0
19790101 19791231   220.0
19800101 19801231   102.0
19810101 19811231    90.4
19820101 19821231    60.2
19830101 19831231    68.6
19840101 19841231   401.0
19850101 19851231    66.0
19860101 19861231   126.2
19870101 19871231    87.6
19880101 19881231   191.1
19890101 19891231   425.0
19900101 19901231    52.2
19910101 19911231    40.0
19920101 19921231   227.0
19930101 19931231   158.0
19940101 19941231    75.0
19950101 19951231   202.6
19960101 19961231    71.4
19970101 19971231   227.2
19980101 19981231   194.8
19990101 19991231    99.7
20000101 20001231   209.3
20010101 20011231   172.9
20020101 20021231    26.0
20030101 20031231   102.5
20040101 20041231 99999.9
20050101 20051231 99999.9
20060101 20061231    38.8
20070101 20071231    44.0
20080101 20081231    91.2
20090101 20091231   108.0
20100101 20101231 99999.9
20110101 20111231   208.0
20120101 20121231    66.0
