PRCP       077008 19100101 20161231 missing_value=99999.9 BIRCHIP (WOODLANDS)                       
19100101 19101231   417.9
19110101 19111231   527.8
19120101 19121231   358.2
19130101 19131231   316.4
19140101 19141231   188.1
19150101 19151231   386.2
19160101 19161231   473.2
19170101 19171231   501.9
19180101 19181231   339.7
19190101 19191231   315.0
19200101 19201231   390.7
19210101 19211231   462.3
19220101 19221231   281.2
19230101 19231231   369.2
19240101 19241231   412.2
19250101 19251231   251.4
19260101 19261231   375.1
19270101 19271231   237.4
19280101 19281231   426.3
19290101 19291231   179.2
19300101 19301231   507.1
19310101 19311231   410.7
19320101 19321231   405.0
19330101 19331231   478.8
19340101 19341231   346.9
19350101 19351231   264.7
19360101 19361231   312.5
19370101 19371231   326.1
19380101 19381231   154.3
19390101 19391231   435.9
19400101 19401231   177.9
19410101 19411231   295.0
19420101 19421231   364.5
19430101 19431231   187.0
19440101 19441231   162.6
19450101 19451231   272.7
19460101 19461231   345.6
19470101 19471231   349.4
19480101 19481231   272.3
19490101 19491231   286.9
19500101 19501231   491.4
19510101 19511231   335.6
19520101 19521231   441.2
19530101 19531231   299.7
19540101 19541231   371.2
19550101 19551231   488.9
19560101 19561231   591.1
19570101 19571231   307.3
19580101 19581231   405.4
19590101 19591231   319.8
19600101 19601231   539.6
19610101 19611231   374.6
19620101 19621231   379.8
19630101 19631231   408.0
19640101 19641231   372.4
19650101 19651231   302.0
19660101 19661231   318.9
19670101 19671231   140.5
19680101 19681231   419.8
19690101 19691231   339.4
19700101 19701231   402.9
19710101 19711231   454.5
19720101 19721231   253.2
19730101 19731231   678.0
19740101 19741231   511.5
19750101 19751231   466.9
19760101 19761231   246.0
19770101 19771231   269.8
19780101 19781231   451.4
19790101 19791231   409.0
19800101 19801231   346.6
19810101 19811231   360.4
19820101 19821231   126.5
19830101 19831231   446.2
19840101 19841231   315.1
19850101 19851231   331.1
19860101 19861231   431.6
19870101 19871231   387.4
19880101 19881231   405.0
19890101 19891231   399.4
19900101 19901231   260.0
19910101 19911231   302.4
19920101 19921231   540.2
19930101 19931231   431.2
19940101 19941231   196.7
19950101 19951231   460.4
19960101 19961231   436.7
19970101 19971231   296.0
19980101 19981231   318.4
19990101 19991231   440.0
20000101 20001231   418.8
20010101 20011231 99999.9
20020101 20021231   235.2
20030101 20031231   315.0
20040101 20041231   311.0
20050101 20051231   343.6
20060101 20061231   194.8
20070101 20071231   332.2
20080101 20081231   281.8
20090101 20091231   297.6
20100101 20101231   515.8
20110101 20111231 99999.9
20120101 20121231 99999.9
20130101 20131231 99999.9
20140101 20141231 99999.9
20150101 20151231   191.4
20160101 20161231   435.6
