PRCP       025004 19100101 20171231 missing_value=99999.9 GALGA                                     
19100101 19101231   427.8
19110101 19111231   348.0
19120101 19121231   289.1
19130101 19131231   316.6
19140101 19141231   123.8
19150101 19151231   207.7
19160101 19161231   387.4
19170101 19171231   356.8
19180101 19181231   212.1
19190101 19191231   325.3
19200101 19201231   408.2
19210101 19211231   326.8
19220101 19221231   229.9
19230101 19231231   298.2
19240101 19241231   335.3
19250101 19251231   235.4
19260101 19261231   290.7
19270101 19271231   188.4
19280101 19281231   254.0
19290101 19291231   171.1
19300101 19301231   230.8
19310101 19311231   199.8
19320101 19321231   331.7
19330101 19331231   265.1
19340101 19341231   294.6
19350101 19351231   210.4
19360101 19361231   286.3
19370101 19371231   297.4
19380101 19381231   178.0
19390101 19391231   241.8
19400101 19401231   133.9
19410101 19411231   362.2
19420101 19421231   317.2
19430101 19431231   151.9
19440101 19441231   130.8
19450101 19451231   207.2
19460101 19461231   310.6
19470101 19471231   339.7
19480101 19481231   261.2
19490101 19491231   222.0
19500101 19501231   296.8
19510101 19511231   296.0
19520101 19521231   278.2
19530101 19531231   245.7
19540101 19541231   271.5
19550101 19551231   308.6
19560101 19561231   279.7
19570101 19571231   125.1
19580101 19581231   258.8
19590101 19591231   190.0
19600101 19601231   297.7
19610101 19611231   266.4
19620101 19621231   243.7
19630101 19631231   319.6
19640101 19641231   339.2
19650101 19651231   234.7
19660101 19661231   262.0
19670101 19671231   154.5
19680101 19681231   329.8
19690101 19691231   352.7
19700101 19701231   280.4
19710101 19711231   268.5
19720101 19721231   197.7
19730101 19731231   524.3
19740101 19741231   558.5
19750101 19751231   288.2
19760101 19761231   285.0
19770101 19771231   212.0
19780101 19781231   302.2
19790101 19791231   349.7
19800101 19801231   256.3
19810101 19811231   276.3
19820101 19821231   133.4
19830101 19831231   412.1
19840101 19841231   241.1
19850101 19851231   269.7
19860101 19861231   319.8
19870101 19871231   307.5
19880101 19881231   321.4
19890101 19891231   255.3
19900101 19901231   274.1
19910101 19911231   222.1
19920101 19921231   571.9
19930101 19931231   296.8
19940101 19941231   187.2
19950101 19951231   342.3
19960101 19961231   353.8
19970101 19971231   287.0
19980101 19981231   330.7
19990101 19991231   331.2
20000101 20001231   319.9
20010101 20011231 99999.9
20020101 20021231 99999.9
20030101 20031231 99999.9
20040101 20041231 99999.9
20050101 20051231 99999.9
20060101 20061231 99999.9
20070101 20071231 99999.9
20080101 20081231 99999.9
20090101 20091231 99999.9
20100101 20101231 99999.9
20110101 20111231   448.3
20120101 20121231   262.0
20130101 20131231   266.4
20140101 20141231   368.2
20150101 20151231   279.1
20160101 20161231   428.4
20170101 20171231   281.2
