PRCP       044042 19010101 20171231 missing_value=99999.9 HEBEL POST OFFICE                         
19010101 19011231   352.5
19020101 19021231   198.0
19030101 19031231   457.2
19040101 19041231   512.3
19050101 19051231   413.3
19060101 19061231   502.0
19070101 19071231   458.9
19080101 19081231   415.8
19090101 19091231   352.6
19100101 19101231   389.6
19110101 19111231   432.7
19120101 19121231   305.7
19130101 19131231   437.1
19140101 19141231   381.0
19150101 19151231   215.1
19160101 19161231   514.4
19170101 19171231   505.0
19180101 19181231   265.6
19190101 19191231   263.9
19200101 19201231   504.4
19210101 19211231   710.6
19220101 19221231   219.6
19230101 19231231   199.5
19240101 19241231   441.4
19250101 19251231   419.3
19260101 19261231   450.4
19270101 19271231   485.3
19280101 19281231   208.9
19290101 19291231   260.9
19300101 19301231   360.1
19310101 19311231   508.3
19320101 19321231   265.0
19330101 19331231   430.6
19340101 19341231   484.7
19350101 19351231   157.3
19360101 19361231   378.7
19370101 19371231   297.9
19380101 19381231   326.3
19390101 19391231   375.8
19400101 19401231   279.2
19410101 19411231   367.5
19420101 19421231   507.2
19430101 19431231   307.7
19440101 19441231   166.6
19450101 19451231   245.9
19460101 19461231   190.2
19470101 19471231   407.3
19480101 19481231   415.8
19490101 19491231   450.7
19500101 19501231  1034.9
19510101 19511231   211.0
19520101 19521231   342.7
19530101 19531231   349.6
19540101 19541231   477.1
19550101 19551231   663.0
19560101 19561231   734.3
19570101 19571231   295.1
19580101 19581231   383.6
19590101 19591231   706.8
19600101 19601231   268.0
19610101 19611231   409.0
19620101 19621231   516.5
19630101 19631231   537.8
19640101 19641231   411.4
19650101 19651231   294.9
19660101 19661231   357.8
19670101 19671231   273.9
19680101 19681231   440.0
19690101 19691231   423.2
19700101 19701231   403.4
19710101 19711231   430.5
19720101 19721231   238.9
19730101 19731231   586.9
19740101 19741231   701.8
19750101 19751231   390.6
19760101 19761231   775.4
19770101 19771231   432.0
19780101 19781231   564.6
19790101 19791231   268.8
19800101 19801231   248.0
19810101 19811231   418.9
19820101 19821231   231.0
19830101 19831231   748.8
19840101 19841231   558.6
19850101 19851231   321.8
19860101 19861231   304.4
19870101 19871231   340.9
19880101 19881231   441.5
19890101 19891231   325.1
19900101 19901231   434.2
19910101 19911231   315.3
19920101 19921231   374.2
19930101 19931231   493.6
19940101 19941231   286.7
19950101 19951231   475.0
19960101 19961231   399.8
19970101 19971231   448.0
19980101 19981231   639.4
19990101 19991231   624.0
20000101 20001231  1297.9
20010101 20011231   301.7
20020101 20021231   231.4
20030101 20031231   460.8
20040101 20041231   644.8
20050101 20051231 99999.9
20060101 20061231 99999.9
20070101 20071231 99999.9
20080101 20081231 99999.9
20090101 20091231 99999.9
20100101 20101231 99999.9
20110101 20111231 99999.9
20120101 20121231 99999.9
20130101 20131231 99999.9
20140101 20141231 99999.9
20150101 20151231   318.7
20160101 20161231   582.1
20170101 20171231   326.9
