PRCP       016032 19030101 20111231 missing_value=99999.9 NONNING                                   
19030101 19031231   264.7
19040101 19041231   232.6
19050101 19051231   176.6
19060101 19061231   227.0
19070101 19071231   184.2
19080101 19081231   356.9
19090101 19091231   169.4
19100101 19101231   328.3
19110101 19111231   144.0
19120101 19121231   278.1
19130101 19131231   237.0
19140101 19141231   128.9
19150101 19151231   221.1
19160101 19161231   349.7
19170101 19171231   315.4
19180101 19181231   179.3
19190101 19191231   204.0
19200101 19201231   327.0
19210101 19211231   460.8
19220101 19221231   142.8
19230101 19231231   215.6
19240101 19241231   218.0
19250101 19251231   156.5
19260101 19261231   237.2
19270101 19271231    99.6
19280101 19281231    92.3
19290101 19291231   110.0
19300101 19301231   172.1
19310101 19311231   222.1
19320101 19321231   213.8
19330101 19331231   168.0
19340101 19341231   230.0
19350101 19351231   218.0
19360101 19361231   187.1
19370101 19371231   207.3
19380101 19381231   231.3
19390101 19391231   198.5
19400101 19401231   118.6
19410101 19411231   240.8
19420101 19421231   325.3
19430101 19431231   142.1
19440101 19441231   198.7
19450101 19451231   146.7
19460101 19461231   375.4
19470101 19471231   296.9
19480101 19481231   128.3
19490101 19491231   230.5
19500101 19501231   266.2
19510101 19511231   247.2
19520101 19521231   283.7
19530101 19531231   242.6
19540101 19541231   280.9
19550101 19551231   412.2
19560101 19561231   411.6
19570101 19571231   137.8
19580101 19581231   305.3
19590101 19591231   159.2
19600101 19601231   356.9
19610101 19611231   220.8
19620101 19621231   228.7
19630101 19631231   266.8
19640101 19641231   207.2
19650101 19651231   186.1
19660101 19661231   337.7
19670101 19671231   115.7
19680101 19681231   423.8
19690101 19691231   343.6
19700101 19701231   135.6
19710101 19711231   251.8
19720101 19721231   238.7
19730101 19731231   443.8
19740101 19741231   594.5
19750101 19751231   208.5
19760101 19761231   190.5
19770101 19771231   163.1
19780101 19781231   248.0
19790101 19791231   396.2
19800101 19801231   241.4
19810101 19811231   257.4
19820101 19821231   122.0
19830101 19831231   329.4
19840101 19841231   260.1
19850101 19851231   240.1
19860101 19861231   263.2
19870101 19871231   179.6
19880101 19881231 99999.9
19890101 19891231   274.8
19900101 19901231   228.4
19910101 19911231   262.4
19920101 19921231   574.8
19930101 19931231   293.6
19940101 19941231 99999.9
19950101 19951231   251.6
19960101 19961231   248.8
19970101 19971231   384.9
19980101 19981231   353.0
19990101 19991231   247.0
20000101 20001231   265.6
20010101 20011231   346.9
20020101 20021231   126.8
20030101 20031231   252.2
20040101 20041231   193.5
20050101 20051231   279.0
20060101 20061231   155.4
20070101 20071231   363.8
20080101 20081231   198.9
20090101 20091231   287.1
20100101 20101231   317.0
20110101 20111231   303.2
