PRCP       029048 19220101 20121231 missing_value=99999.9 VANROOK STATION                           
19220101 19221231   935.5
19230101 19231231   361.4
19240101 19241231   787.3
19250101 19251231  1061.6
19260101 19261231   492.5
19270101 19271231   972.5
19280101 19281231  1043.0
19290101 19291231   990.0
19300101 19301231  1045.8
19310101 19311231   561.6
19320101 19321231   866.1
19330101 19331231   785.5
19340101 19341231   918.5
19350101 19351231   699.8
19360101 19361231   907.2
19370101 19371231   713.0
19380101 19381231   901.1
19390101 19391231  1236.7
19400101 19401231  1565.6
19410101 19411231  1049.6
19420101 19421231   893.7
19430101 19431231   705.7
19440101 19441231   774.6
19450101 19451231  1131.5
19460101 19461231   705.6
19470101 19471231   840.5
19480101 19481231   584.0
19490101 19491231   910.5
19500101 19501231  1605.8
19510101 19511231   880.1
19520101 19521231   580.0
19530101 19531231   601.2
19540101 19541231  1319.1
19550101 19551231  1263.2
19560101 19561231  1502.0
19570101 19571231  1037.0
19580101 19581231   727.3
19590101 19591231  1256.0
19600101 19601231   700.6
19610101 19611231   426.2
19620101 19621231  1122.1
19630101 19631231  1130.6
19640101 19641231  1395.9
19650101 19651231   531.9
19660101 19661231   509.1
19670101 19671231   945.8
19680101 19681231   647.6
19690101 19691231   727.1
19700101 19701231   705.6
19710101 19711231   914.4
19720101 19721231  1091.6
19730101 19731231  1275.8
19740101 19741231  2271.5
19750101 19751231  1239.9
19760101 19761231  1653.4
19770101 19771231   739.6
19780101 19781231   679.2
19790101 19791231  1032.7
19800101 19801231   814.6
19810101 19811231  1150.0
19820101 19821231   673.0
19830101 19831231   639.9
19840101 19841231  1255.5
19850101 19851231   659.2
19860101 19861231   620.4
19870101 19871231   972.0
19880101 19881231   888.6
19890101 19891231   988.0
19900101 19901231 99999.9
19910101 19911231 99999.9
19920101 19921231 99999.9
19930101 19931231   398.2
19940101 19941231   575.6
19950101 19951231   508.2
19960101 19961231  1029.8
19970101 19971231   879.9
19980101 19981231 99999.9
19990101 19991231  1456.6
20000101 20001231  1321.6
20010101 20011231   844.1
20020101 20021231   699.6
20030101 20031231   615.8
20040101 20041231  1098.6
20050101 20051231   678.0
20060101 20061231  1150.8
20070101 20071231  1265.4
20080101 20081231  1336.8
20090101 20091231  1168.0
20100101 20101231  1103.0
20110101 20111231  1699.9
20120101 20121231  1739.5
