PRCP       014902 18910101 20161231 missing_value=99999.9 KATHERINE COUNCIL                         
18910101 18911231   721.0
18920101 18921231   478.5
18930101 18931231   871.6
18940101 18941231  1086.7
18950101 18951231  1117.2
18960101 18961231  1154.5
18970101 18971231  1393.5
18980101 18981231  1496.5
18990101 18991231  1376.5
19000101 19001231   812.0
19010101 19011231  1152.8
19020101 19021231   618.2
19030101 19031231   986.5
19040101 19041231  1480.2
19050101 19051231   552.8
19060101 19061231   995.5
19070101 19071231  1266.6
19080101 19081231  1003.9
19090101 19091231   845.7
19100101 19101231  1121.1
19110101 19111231   736.5
19120101 19121231   791.8
19130101 19131231   837.7
19140101 19141231   903.6
19150101 19151231  1130.4
19160101 19161231   933.7
19170101 19171231  1216.8
19180101 19181231   843.2
19190101 19191231   670.4
19200101 19201231   771.4
19210101 19211231   953.9
19220101 19221231   990.4
19230101 19231231  1242.5
19240101 19241231   742.1
19250101 19251231   766.6
19260101 19261231   870.1
19270101 19271231   602.6
19280101 19281231   601.2
19290101 19291231   675.0
19300101 19301231  1121.6
19310101 19311231  1011.6
19320101 19321231   853.1
19330101 19331231   784.3
19340101 19341231   826.2
19350101 19351231  1129.0
19360101 19361231   710.5
19370101 19371231  1155.8
19380101 19381231   710.3
19390101 19391231  1125.5
19400101 19401231  1321.9
19410101 19411231  1014.6
19420101 19421231   892.8
19430101 19431231   965.9
19440101 19441231  1195.1
19450101 19451231   919.2
19460101 19461231   640.4
19470101 19471231   963.1
19480101 19481231   794.2
19490101 19491231   996.0
19500101 19501231  1062.2
19510101 19511231   795.8
19520101 19521231   439.5
19530101 19531231  1005.2
19540101 19541231  1228.9
19550101 19551231   798.6
19560101 19561231  1001.0
19570101 19571231  1400.6
19580101 19581231   692.5
19590101 19591231   728.6
19600101 19601231  1256.9
19610101 19611231   525.1
19620101 19621231   618.4
19630101 19631231  1041.4
19640101 19641231  1025.0
19650101 19651231   572.1
19660101 19661231   851.1
19670101 19671231  1084.3
19680101 19681231  1282.0
19690101 19691231  1169.9
19700101 19701231   556.7
19710101 19711231  1263.7
19720101 19721231   747.1
19730101 19731231  1048.3
19740101 19741231  1277.3
19750101 19751231  1254.3
19760101 19761231  1257.9
19770101 19771231  1350.0
19780101 19781231  1152.6
19790101 19791231   920.8
19800101 19801231  1323.5
19810101 19811231  1031.8
19820101 19821231  1051.9
19830101 19831231   831.5
19840101 19841231  1575.4
19850101 19851231   972.4
19860101 19861231   710.7
19870101 19871231  1153.8
19880101 19881231   896.5
19890101 19891231   891.2
19900101 19901231   968.9
19910101 19911231 99999.9
19920101 19921231   662.6
19930101 19931231 99999.9
19940101 19941231   868.7
19950101 19951231   883.0
19960101 19961231   905.4
19970101 19971231  1232.9
19980101 19981231 99999.9
19990101 19991231 99999.9
20000101 20001231 99999.9
20010101 20011231 99999.9
20020101 20021231   885.0
20030101 20031231 99999.9
20040101 20041231 99999.9
20050101 20051231  1129.6
20060101 20061231   905.6
20070101 20071231 99999.9
20080101 20081231 99999.9
20090101 20091231  1041.0
20100101 20101231 99999.9
20110101 20111231  1420.3
20120101 20121231   828.3
20130101 20131231  1137.9
20140101 20141231 99999.9
20150101 20151231  1030.5
20160101 20161231   755.3
