PRCP       007007 18910101 20151231 missing_value=99999.9 BOOLARDY                                  
18910101 18911231    30.7
18920101 18921231   351.8
18930101 18931231   369.0
18940101 18941231    66.3
18950101 18951231   149.2
18960101 18961231    85.3
18970101 18971231   186.9
18980101 18981231   192.1
18990101 18991231   116.0
19000101 19001231   413.8
19010101 19011231    76.2
19020101 19021231   201.0
19030101 19031231   142.4
19040101 19041231   305.2
19050101 19051231   128.8
19060101 19061231   177.8
19070101 19071231   244.9
19080101 19081231   226.8
19090101 19091231   249.4
19100101 19101231   248.1
19110101 19111231    66.7
19120101 19121231   129.2
19130101 19131231   190.6
19140101 19141231   156.3
19150101 19151231   493.0
19160101 19161231   176.9
19170101 19171231   346.6
19180101 19181231   392.4
19190101 19191231   103.8
19200101 19201231   192.4
19210101 19211231   216.8
19220101 19221231   136.3
19230101 19231231   248.5
19240101 19241231   109.0
19250101 19251231   232.1
19260101 19261231   261.3
19270101 19271231   283.4
19280101 19281231   187.8
19290101 19291231   333.3
19300101 19301231   134.7
19310101 19311231   183.7
19320101 19321231   248.4
19330101 19331231   306.5
19340101 19341231   242.6
19350101 19351231    65.7
19360101 19361231    92.9
19370101 19371231   118.0
19380101 19381231   116.8
19390101 19391231   135.2
19400101 19401231    93.6
19410101 19411231   271.7
19420101 19421231   238.6
19430101 19431231   119.7
19440101 19441231    85.9
19450101 19451231   367.1
19460101 19461231   111.4
19470101 19471231   285.8
19480101 19481231   258.4
19490101 19491231   128.9
19500101 19501231   147.6
19510101 19511231   280.8
19520101 19521231   142.4
19530101 19531231   286.8
19540101 19541231   121.6
19550101 19551231   201.1
19560101 19561231   176.7
19570101 19571231   119.0
19580101 19581231   250.1
19590101 19591231   158.9
19600101 19601231   316.3
19610101 19611231   123.1
19620101 19621231   207.3
19630101 19631231   409.8
19640101 19641231   237.5
19650101 19651231   294.5
19660101 19661231   241.6
19670101 19671231   228.1
19680101 19681231   241.3
19690101 19691231   172.0
19700101 19701231   187.9
19710101 19711231   252.9
19720101 19721231   172.4
19730101 19731231   258.7
19740101 19741231   382.9
19750101 19751231   517.9
19760101 19761231    67.0
19770101 19771231    79.1
19780101 19781231   294.7
19790101 19791231    77.7
19800101 19801231   340.6
19810101 19811231   188.3
19820101 19821231   181.4
19830101 19831231   203.2
19840101 19841231   324.4
19850101 19851231   130.4
19860101 19861231   222.6
19870101 19871231   172.5
19880101 19881231   128.6
19890101 19891231   152.1
19900101 19901231   198.4
19910101 19911231   186.1
19920101 19921231   328.3
19930101 19931231   235.2
19940101 19941231   168.5
19950101 19951231   276.4
19960101 19961231   259.8
19970101 19971231   278.6
19980101 19981231   278.2
19990101 19991231   390.5
20000101 20001231   250.7
20010101 20011231   202.7
20020101 20021231   150.9
20030101 20031231   143.7
20040101 20041231   220.6
20050101 20051231 99999.9
20060101 20061231   435.3
20070101 20071231   143.9
20080101 20081231 99999.9
20090101 20091231   140.9
20100101 20101231 99999.9
20110101 20111231 99999.9
20120101 20121231 99999.9
20130101 20131231 99999.9
20140101 20141231 99999.9
20150101 20151231   296.0
