PRCP       015086 18890101 20141231 missing_value=99999.9 NEWCASTLE WATERS                          
18890101 18891231   544.3
18900101 18901231   663.6
18910101 18911231   310.4
18920101 18921231   209.6
18930101 18931231   260.2
18940101 18941231   473.2
18950101 18951231   903.8
18960101 18961231   617.6
18970101 18971231   331.6
18980101 18981231   275.0
18990101 18991231   598.7
19000101 19001231   170.4
19010101 19011231   543.8
19020101 19021231   295.1
19030101 19031231   555.1
19040101 19041231   710.2
19050101 19051231   270.0
19060101 19061231   305.6
19070101 19071231   518.8
19080101 19081231   490.9
19090101 19091231   287.0
19100101 19101231   852.8
19110101 19111231   308.1
19120101 19121231   219.5
19130101 19131231   205.0
19140101 19141231   310.5
19150101 19151231   182.2
19160101 19161231   482.7
19170101 19171231   362.2
19180101 19181231   519.5
19190101 19191231   456.0
19200101 19201231   768.3
19210101 19211231   637.7
19220101 19221231   596.6
19230101 19231231   691.7
19240101 19241231   390.4
19250101 19251231   294.9
19260101 19261231   496.8
19270101 19271231   404.5
19280101 19281231   428.1
19290101 19291231   532.9
19300101 19301231   590.9
19310101 19311231   400.7
19320101 19321231   466.8
19330101 19331231   430.5
19340101 19341231   452.8
19350101 19351231   265.0
19360101 19361231   607.2
19370101 19371231   399.7
19380101 19381231   355.5
19390101 19391231   385.0
19400101 19401231   551.3
19410101 19411231   769.1
19420101 19421231   452.2
19430101 19431231   241.7
19440101 19441231   429.7
19450101 19451231   708.6
19460101 19461231   359.0
19470101 19471231   615.4
19480101 19481231   367.0
19490101 19491231   587.3
19500101 19501231   728.2
19510101 19511231   452.7
19520101 19521231   177.4
19530101 19531231   476.7
19540101 19541231   365.3
19550101 19551231   367.1
19560101 19561231   574.2
19570101 19571231   539.6
19580101 19581231   237.9
19590101 19591231   541.3
19600101 19601231   746.5
19610101 19611231   129.4
19620101 19621231   468.8
19630101 19631231   351.9
19640101 19641231   370.0
19650101 19651231   284.9
19660101 19661231   383.3
19670101 19671231   915.3
19680101 19681231   612.7
19690101 19691231   343.7
19700101 19701231   412.1
19710101 19711231   393.3
19720101 19721231   662.3
19730101 19731231   609.2
19740101 19741231  1286.8
19750101 19751231   846.3
19760101 19761231   846.0
19770101 19771231   784.6
19780101 19781231   612.3
19790101 19791231   581.4
19800101 19801231   423.4
19810101 19811231   659.9
19820101 19821231   588.5
19830101 19831231   605.2
19840101 19841231   765.6
19850101 19851231   538.7
19860101 19861231   199.0
19870101 19871231 99999.9
19880101 19881231   492.4
19890101 19891231   363.7
19900101 19901231   247.8
19910101 19911231   690.0
19920101 19921231   413.3
19930101 19931231   486.3
19940101 19941231   361.5
19950101 19951231   505.6
19960101 19961231   320.7
19970101 19971231 99999.9
19980101 19981231   329.1
19990101 19991231 99999.9
20000101 20001231   793.3
20010101 20011231   842.7
20020101 20021231   337.6
20030101 20031231  1014.9
20040101 20041231   586.9
20050101 20051231   400.2
20060101 20061231  1095.1
20070101 20071231   737.1
20080101 20081231   560.5
20090101 20091231   628.2
20100101 20101231   501.0
20110101 20111231  1153.5
20120101 20121231   653.0
20130101 20131231   451.3
20140101 20141231   995.1
