PRCP       016006 19100101 20171231 missing_value=99999.9 COMMONWEALTH HILL                         
19100101 19101231   309.2
19110101 19111231    91.4
19120101 19121231   155.6
19130101 19131231   194.7
19140101 19141231   132.5
19150101 19151231    94.2
19160101 19161231   198.8
19170101 19171231   230.7
19180101 19181231   187.6
19190101 19191231   184.3
19200101 19201231   301.2
19210101 19211231   344.8
19220101 19221231   114.1
19230101 19231231   136.9
19240101 19241231   219.5
19250101 19251231   107.8
19260101 19261231    88.6
19270101 19271231   156.3
19280101 19281231    87.0
19290101 19291231    66.7
19300101 19301231   164.9
19310101 19311231   169.3
19320101 19321231   163.7
19330101 19331231   121.6
19340101 19341231    76.2
19350101 19351231   154.2
19360101 19361231    87.1
19370101 19371231   168.1
19380101 19381231   195.5
19390101 19391231   139.3
19400101 19401231    80.4
19410101 19411231   208.7
19420101 19421231   212.2
19430101 19431231   109.7
19440101 19441231    81.1
19450101 19451231   301.6
19460101 19461231   212.3
19470101 19471231   209.3
19480101 19481231   152.8
19490101 19491231   167.4
19500101 19501231   252.1
19510101 19511231    77.8
19520101 19521231   162.1
19530101 19531231   176.2
19540101 19541231   162.2
19550101 19551231   244.4
19560101 19561231   141.4
19570101 19571231   132.6
19580101 19581231   279.3
19590101 19591231   156.1
19600101 19601231   131.4
19610101 19611231    62.3
19620101 19621231   113.1
19630101 19631231   143.7
19640101 19641231   151.4
19650101 19651231   139.8
19660101 19661231   289.4
19670101 19671231    40.2
19680101 19681231   330.4
19690101 19691231   208.9
19700101 19701231    84.4
19710101 19711231   129.0
19720101 19721231    46.3
19730101 19731231   449.7
19740101 19741231   467.3
19750101 19751231   190.0
19760101 19761231   214.6
19770101 19771231   116.2
19780101 19781231   198.6
19790101 19791231   277.2
19800101 19801231   189.6
19810101 19811231   234.7
19820101 19821231    91.6
19830101 19831231   126.8
19840101 19841231   131.0
19850101 19851231   107.0
19860101 19861231   142.0
19870101 19871231   140.4
19880101 19881231   178.2
19890101 19891231   279.2
19900101 19901231   142.0
19910101 19911231   105.0
19920101 19921231   334.4
19930101 19931231   175.2
19940101 19941231 99999.9
19950101 19951231   212.6
19960101 19961231   133.6
19970101 19971231 99999.9
19980101 19981231   295.6
19990101 19991231   145.4
20000101 20001231 99999.9
20010101 20011231 99999.9
20020101 20021231    45.8
20030101 20031231 99999.9
20040101 20041231   158.2
20050101 20051231   129.4
20060101 20061231    79.8
20070101 20071231   221.2
20080101 20081231   135.8
20090101 20091231   188.3
20100101 20101231   242.9
20110101 20111231   224.7
20120101 20121231    58.7
20130101 20131231   167.7
20140101 20141231   135.2
20150101 20151231   112.4
20160101 20161231   261.0
20170101 20171231   221.0
