PRCP       003017 19240101 20171231 missing_value=99999.9 MOUNT HOUSE STATION                       
19240101 19241231   435.4
19250101 19251231   748.8
19260101 19261231   997.2
19270101 19271231   767.0
19280101 19281231   876.0
19290101 19291231   454.1
19300101 19301231   536.6
19310101 19311231   581.7
19320101 19321231   697.0
19330101 19331231   544.5
19340101 19341231   762.7
19350101 19351231   520.5
19360101 19361231   391.5
19370101 19371231   590.9
19380101 19381231   543.2
19390101 19391231   606.9
19400101 19401231   753.3
19410101 19411231   782.6
19420101 19421231   915.6
19430101 19431231  1012.3
19440101 19441231   716.2
19450101 19451231   772.7
19460101 19461231   417.3
19470101 19471231   752.2
19480101 19481231   510.7
19490101 19491231   923.2
19500101 19501231   703.1
19510101 19511231   653.4
19520101 19521231   313.4
19530101 19531231   515.2
19540101 19541231   593.9
19550101 19551231   761.0
19560101 19561231  1126.7
19570101 19571231   950.6
19580101 19581231   507.1
19590101 19591231   708.2
19600101 19601231   910.6
19610101 19611231   576.7
19620101 19621231   793.1
19630101 19631231   985.1
19640101 19641231   530.0
19650101 19651231   470.0
19660101 19661231   518.0
19670101 19671231   791.4
19680101 19681231  1048.4
19690101 19691231   716.2
19700101 19701231   566.6
19710101 19711231   828.2
19720101 19721231   456.8
19730101 19731231   948.8
19740101 19741231  1262.4
19750101 19751231   561.3
19760101 19761231   962.4
19770101 19771231   376.4
19780101 19781231  1052.6
19790101 19791231   882.3
19800101 19801231   733.9
19810101 19811231   921.5
19820101 19821231  1000.3
19830101 19831231  1061.5
19840101 19841231  1278.3
19850101 19851231   470.9
19860101 19861231  1022.7
19870101 19871231   719.7
19880101 19881231   698.4
19890101 19891231   714.2
19900101 19901231   542.0
19910101 19911231   625.7
19920101 19921231   375.2
19930101 19931231  1177.9
19940101 19941231   883.5
19950101 19951231  1288.6
19960101 19961231 99999.9
19970101 19971231   915.7
19980101 19981231 99999.9
19990101 19991231   806.7
20000101 20001231  1252.7
20010101 20011231   698.3
20020101 20021231   931.2
20030101 20031231   547.4
20040101 20041231   911.7
20050101 20051231   762.2
20060101 20061231  1155.3
20070101 20071231  1001.8
20080101 20081231   854.4
20090101 20091231   804.8
20100101 20101231 99999.9
20110101 20111231 99999.9
20120101 20121231 99999.9
20130101 20131231 99999.9
20140101 20141231   823.0
20150101 20151231   740.0
20160101 20161231   931.2
20170101 20171231  1024.0
