PRCP       061014 18630101 20171231 missing_value=99999.9 BRANXTON  (DALWOOD VINEYARD)              
18630101 18631231   825.6
18640101 18641231  1348.6
18650101 18651231   486.4
18660101 18661231   586.0
18670101 18671231  1055.7
18680101 18681231   666.6
18690101 18691231   847.2
18700101 18701231  1411.8
18710101 18711231   842.0
18720101 18721231   651.0
18730101 18731231  1061.4
18740101 18741231   943.9
18750101 18751231   913.9
18760101 18761231   660.3
18770101 18771231   451.2
18780101 18781231   643.8
18790101 18791231   991.3
18800101 18801231   573.2
18810101 18811231   771.2
18820101 18821231   589.9
18830101 18831231   835.6
18840101 18841231   676.6
18850101 18851231   528.0
18860101 18861231   676.7
18870101 18871231  1257.1
18880101 18881231   425.1
18890101 18891231   817.5
18900101 18901231  1104.9
18910101 18911231   854.9
18920101 18921231  1207.5
18930101 18931231  1405.7
18940101 18941231   707.1
18950101 18951231   653.7
18960101 18961231   641.9
18970101 18971231   649.5
18980101 18981231   860.4
18990101 18991231   863.7
19000101 19001231   754.3
19010101 19011231   520.6
19020101 19021231   442.1
19030101 19031231   873.5
19040101 19041231   810.5
19050101 19051231   548.6
19060101 19061231   662.0
19070101 19071231   553.2
19080101 19081231   873.1
19090101 19091231   891.6
19100101 19101231   815.8
19110101 19111231   944.7
19120101 19121231   924.0
19130101 19131231  1049.4
19140101 19141231   997.7
19150101 19151231   604.3
19160101 19161231   793.5
19170101 19171231   835.3
19180101 19181231   541.1
19190101 19191231   685.9
19200101 19201231   812.6
19210101 19211231  1454.0
19220101 19221231   738.1
19230101 19231231   677.2
19240101 19241231   970.2
19250101 19251231   817.0
19260101 19261231   911.1
19270101 19271231   779.5
19280101 19281231   766.1
19290101 19291231   951.9
19300101 19301231   883.2
19310101 19311231  1136.2
19320101 19321231   645.4
19330101 19331231   688.3
19340101 19341231   881.1
19350101 19351231   518.0
19360101 19361231   621.4
19370101 19371231   752.2
19380101 19381231   601.4
19390101 19391231   600.6
19400101 19401231   674.3
19410101 19411231   466.0
19420101 19421231   710.1
19430101 19431231   966.5
19440101 19441231   385.9
19450101 19451231   762.8
19460101 19461231   653.7
19470101 19471231   735.0
19480101 19481231   892.9
19490101 19491231  1385.2
19500101 19501231  1571.2
19510101 19511231   931.2
19520101 19521231   946.2
19530101 19531231   643.3
19540101 19541231  1064.3
19550101 19551231  1073.0
19560101 19561231   990.4
19570101 19571231   545.0
19580101 19581231   788.1
19590101 19591231  1124.2
19600101 19601231   787.1
19610101 19611231   874.9
19620101 19621231  1152.4
19630101 19631231  1104.8
19640101 19641231   761.3
19650101 19651231   488.5
19660101 19661231   378.7
19670101 19671231   899.4
19680101 19681231   833.6
19690101 19691231   901.0
19700101 19701231   711.0
19710101 19711231   910.5
19720101 19721231   906.4
19730101 19731231   745.9
19740101 19741231   907.2
19750101 19751231   724.1
19760101 19761231   969.5
19770101 19771231   822.2
19780101 19781231  1050.0
19790101 19791231   550.7
19800101 19801231   411.4
19810101 19811231   953.6
19820101 19821231   674.0
19830101 19831231   698.8
19840101 19841231  1054.2
19850101 19851231  1047.6
19860101 19861231   704.6
19870101 19871231   966.2
19880101 19881231  1109.2
19890101 19891231  1046.4
19900101 19901231  1006.8
19910101 19911231   530.6
19920101 19921231   777.4
19930101 19931231   715.2
19940101 19941231   630.6
19950101 19951231   796.8
19960101 19961231   705.6
19970101 19971231   639.0
19980101 19981231   989.8
19990101 19991231   937.4
20000101 20001231   892.8
20010101 20011231   995.2
20020101 20021231   645.8
20030101 20031231   642.0
20040101 20041231   715.9
20050101 20051231   793.3
20060101 20061231   594.7
20070101 20071231  1093.1
20080101 20081231   927.3
20090101 20091231   855.7
20100101 20101231   766.1
20110101 20111231  1049.8
20120101 20121231   679.8
20130101 20131231   985.9
20140101 20141231   784.9
20150101 20151231  1134.1
20160101 20161231   949.3
20170101 20171231   653.2
