PRCP       055063 18930101 20071231 missing_value=99999.9 WILLOW TREE (MAIN STREET)                 
18930101 18931231   825.5
18940101 18941231   717.4
18950101 18951231   604.4
18960101 18961231   665.4
18970101 18971231   579.2
18980101 18981231   640.7
18990101 18991231   605.5
19000101 19001231   657.2
19010101 19011231   500.9
19020101 19021231   541.7
19030101 19031231   760.9
19040101 19041231   758.1
19050101 19051231   516.1
19060101 19061231   559.7
19070101 19071231   560.1
19080101 19081231   734.8
19090101 19091231   645.2
19100101 19101231   680.1
19110101 19111231   770.8
19120101 19121231   506.7
19130101 19131231   708.8
19140101 19141231   630.5
19150101 19151231   525.1
19160101 19161231  1071.2
19170101 19171231   717.5
19180101 19181231   459.2
19190101 19191231   456.7
19200101 19201231  1072.7
19210101 19211231  1026.5
19220101 19221231   451.4
19230101 19231231   561.6
19240101 19241231   787.4
19250101 19251231   395.4
19260101 19261231   821.0
19270101 19271231   397.2
19280101 19281231   765.7
19290101 19291231   595.8
19300101 19301231   589.5
19310101 19311231   840.8
19320101 19321231   612.2
19330101 19331231   733.0
19340101 19341231   755.0
19350101 19351231   424.9
19360101 19361231   657.1
19370101 19371231   518.2
19380101 19381231   509.7
19390101 19391231   437.5
19400101 19401231   402.7
19410101 19411231   726.0
19420101 19421231   714.8
19430101 19431231   659.8
19440101 19441231   602.7
19450101 19451231   746.6
19460101 19461231   344.1
19470101 19471231   788.2
19480101 19481231   526.2
19490101 19491231   871.8
19500101 19501231  1256.4
19510101 19511231   518.1
19520101 19521231   752.0
19530101 19531231   617.5
19540101 19541231   833.7
19550101 19551231  1004.4
19560101 19561231   913.0
19570101 19571231   543.8
19580101 19581231   739.7
19590101 19591231   625.7
19600101 19601231   766.6
19610101 19611231   570.2
19620101 19621231   687.6
19630101 19631231   913.4
19640101 19641231   746.6
19650101 19651231   433.1
19660101 19661231   655.7
19670101 19671231   520.1
19680101 19681231   808.9
19690101 19691231   848.2
19700101 19701231   744.6
19710101 19711231   681.0
19720101 19721231   602.0
19730101 19731231   899.7
19740101 19741231   559.8
19750101 19751231   640.4
19760101 19761231   873.3
19770101 19771231   888.6
19780101 19781231   957.4
19790101 19791231   547.4
19800101 19801231   478.6
19810101 19811231   666.2
19820101 19821231   366.3
19830101 19831231   834.3
19840101 19841231   897.2
19850101 19851231   679.1
19860101 19861231   559.5
19870101 19871231   710.2
19880101 19881231   855.2
19890101 19891231   824.1
19900101 19901231   989.3
19910101 19911231   704.8
19920101 19921231   816.2
19930101 19931231   847.4
19940101 19941231   328.8
19950101 19951231   714.3
19960101 19961231   857.9
19970101 19971231 99999.9
19980101 19981231 99999.9
19990101 19991231   823.9
20000101 20001231   978.2
20010101 20011231   661.8
20020101 20021231 99999.9
20030101 20031231 99999.9
20040101 20041231 99999.9
20050101 20051231   649.0
20060101 20061231   495.0
20070101 20071231   732.6
