PRCP       007049 18990101 20141231 missing_value=99999.9 MILEURA                                   
18990101 18991231   171.6
19000101 19001231   351.8
19010101 19011231    89.0
19020101 19021231   379.2
19030101 19031231   176.7
19040101 19041231   224.7
19050101 19051231   207.9
19060101 19061231   181.1
19070101 19071231   196.9
19080101 19081231   236.8
19090101 19091231   376.4
19100101 19101231   203.7
19110101 19111231    63.5
19120101 19121231   105.7
19130101 19131231   207.0
19140101 19141231   123.6
19150101 19151231   356.4
19160101 19161231   333.2
19170101 19171231   273.6
19180101 19181231   240.1
19190101 19191231   144.0
19200101 19201231   153.4
19210101 19211231   178.4
19220101 19221231   160.6
19230101 19231231   217.6
19240101 19241231    82.3
19250101 19251231   175.9
19260101 19261231   210.4
19270101 19271231   202.8
19280101 19281231   166.1
19290101 19291231   264.7
19300101 19301231   184.9
19310101 19311231   283.5
19320101 19321231   351.7
19330101 19331231   231.5
19340101 19341231   243.9
19350101 19351231   101.3
19360101 19361231   115.3
19370101 19371231   194.2
19380101 19381231   130.1
19390101 19391231   110.2
19400101 19401231    65.0
19410101 19411231   174.1
19420101 19421231   373.9
19430101 19431231    74.2
19440101 19441231    41.6
19450101 19451231   310.2
19460101 19461231    74.6
19470101 19471231   262.9
19480101 19481231   350.4
19490101 19491231   197.1
19500101 19501231   109.9
19510101 19511231   268.0
19520101 19521231   111.7
19530101 19531231   115.7
19540101 19541231    64.3
19550101 19551231   198.6
19560101 19561231   112.2
19570101 19571231   169.7
19580101 19581231   277.1
19590101 19591231    82.4
19600101 19601231   269.3
19610101 19611231   168.2
19620101 19621231   150.9
19630101 19631231   346.0
19640101 19641231   163.5
19650101 19651231   315.2
19660101 19661231   150.8
19670101 19671231   170.0
19680101 19681231   346.1
19690101 19691231   105.6
19700101 19701231   138.1
19710101 19711231   329.7
19720101 19721231   151.8
19730101 19731231   312.6
19740101 19741231   301.4
19750101 19751231   324.3
19760101 19761231    59.3
19770101 19771231    65.4
19780101 19781231   196.3
19790101 19791231    52.7
19800101 19801231   303.3
19810101 19811231   164.1
19820101 19821231   212.2
19830101 19831231   223.9
19840101 19841231   231.2
19850101 19851231   101.1
19860101 19861231   273.0
19870101 19871231   215.3
19880101 19881231   179.2
19890101 19891231   298.5
19900101 19901231 99999.9
19910101 19911231   103.1
19920101 19921231   367.8
19930101 19931231   152.2
19940101 19941231   131.0
19950101 19951231   251.5
19960101 19961231   264.5
19970101 19971231   556.0
19980101 19981231   283.5
19990101 19991231   339.1
20000101 20001231   337.2
20010101 20011231   266.9
20020101 20021231   125.9
20030101 20031231   169.1
20040101 20041231   226.8
20050101 20051231   192.8
20060101 20061231   532.7
20070101 20071231 99999.9
20080101 20081231   268.3
20090101 20091231   207.2
20100101 20101231   308.2
20110101 20111231   362.3
20120101 20121231   276.7
20130101 20131231   193.1
20140101 20141231   165.3
