PRCP       040094 18970101 20171231 missing_value=99999.9 HARRISVILLE POST OFFICE                   
18970101 18971231   607.4
18980101 18981231   643.1
18990101 18991231   729.1
19000101 19001231   681.5
19010101 19011231   658.3
19020101 19021231   515.0
19030101 19031231   895.6
19040101 19041231   710.1
19050101 19051231   687.9
19060101 19061231   711.1
19070101 19071231   624.8
19080101 19081231   827.3
19090101 19091231   727.4
19100101 19101231   788.6
19110101 19111231   470.4
19120101 19121231   641.3
19130101 19131231   705.3
19140101 19141231   761.9
19150101 19151231   463.2
19160101 19161231   994.9
19170101 19171231   876.2
19180101 19181231   446.0
19190101 19191231   542.0
19200101 19201231   673.3
19210101 19211231  1075.6
19220101 19221231   518.4
19230101 19231231   468.9
19240101 19241231   992.4
19250101 19251231   745.5
19260101 19261231   357.3
19270101 19271231  1137.0
19280101 19281231   845.5
19290101 19291231  1158.0
19300101 19301231   932.5
19310101 19311231   855.9
19320101 19321231   480.4
19330101 19331231   867.1
19340101 19341231   931.1
19350101 19351231   793.0
19360101 19361231   542.6
19370101 19371231   888.9
19380101 19381231   701.6
19390101 19391231   937.6
19400101 19401231   860.4
19410101 19411231   651.3
19420101 19421231  1006.3
19430101 19431231   827.5
19440101 19441231   541.3
19450101 19451231   853.0
19460101 19461231   820.3
19470101 19471231  1410.4
19480101 19481231   738.2
19490101 19491231   883.3
19500101 19501231  1225.6
19510101 19511231   626.0
19520101 19521231   704.4
19530101 19531231   792.7
19540101 19541231  1100.0
19550101 19551231   999.0
19560101 19561231  1169.2
19570101 19571231   396.0
19580101 19581231   857.4
19590101 19591231  1015.6
19600101 19601231   618.4
19610101 19611231  1002.9
19620101 19621231   815.2
19630101 19631231   930.0
19640101 19641231  1024.1
19650101 19651231   642.4
19660101 19661231   860.1
19670101 19671231   914.6
19680101 19681231   913.0
19690101 19691231   720.8
19700101 19701231   924.5
19710101 19711231   961.9
19720101 19721231   960.7
19730101 19731231   859.2
19740101 19741231  1300.1
19750101 19751231  1014.4
19760101 19761231   910.3
19770101 19771231   629.8
19780101 19781231   957.9
19790101 19791231   784.8
19800101 19801231   687.1
19810101 19811231  1065.6
19820101 19821231   745.5
19830101 19831231  1137.2
19840101 19841231   709.2
19850101 19851231   842.8
19860101 19861231   657.2
19870101 19871231   746.8
19880101 19881231  1059.5
19890101 19891231  1105.2
19900101 19901231   897.4
19910101 19911231   846.6
19920101 19921231   846.2
19930101 19931231   560.4
19940101 19941231   489.2
19950101 19951231   866.6
19960101 19961231   981.0
19970101 19971231   729.2
19980101 19981231   682.0
19990101 19991231  1036.8
20000101 20001231   418.4
20010101 20011231   677.4
20020101 20021231   604.0
20030101 20031231   561.3
20040101 20041231   921.6
20050101 20051231   673.4
20060101 20061231   715.8
20070101 20071231   622.2
20080101 20081231   992.9
20090101 20091231   748.9
20100101 20101231  1082.3
20110101 20111231   967.2
20120101 20121231   751.6
20130101 20131231   926.4
20140101 20141231 99999.9
20150101 20151231 99999.9
20160101 20161231   810.0
20170101 20171231   999.9
