PRCP       080009 18880101 20171231 missing_value=99999.9 COONOOER BRIDGE                           
18880101 18881231   301.4
18890101 18891231   664.3
18900101 18901231   590.6
18910101 18911231   465.5
18920101 18921231   436.1
18930101 18931231   561.1
18940101 18941231   613.8
18950101 18951231   374.7
18960101 18961231   339.6
18970101 18971231   386.0
18980101 18981231   416.1
18990101 18991231   386.3
19000101 19001231   387.7
19010101 19011231   344.1
19020101 19021231   225.0
19030101 19031231   638.1
19040101 19041231   416.2
19050101 19051231   408.4
19060101 19061231   516.5
19070101 19071231   366.9
19080101 19081231   378.5
19090101 19091231   560.0
19100101 19101231   538.3
19110101 19111231   502.2
19120101 19121231   368.6
19130101 19131231   362.7
19140101 19141231   191.6
19150101 19151231   400.9
19160101 19161231   484.3
19170101 19171231   505.0
19180101 19181231   335.1
19190101 19191231   349.0
19200101 19201231   413.2
19210101 19211231   427.8
19220101 19221231   276.9
19230101 19231231   412.3
19240101 19241231   539.4
19250101 19251231   327.7
19260101 19261231   379.1
19270101 19271231   279.4
19280101 19281231   415.1
19290101 19291231   223.6
19300101 19301231   499.8
19310101 19311231   470.9
19320101 19321231   482.9
19330101 19331231   601.9
19340101 19341231   373.1
19350101 19351231   442.4
19360101 19361231   414.1
19370101 19371231   375.6
19380101 19381231   204.7
19390101 19391231   578.6
19400101 19401231   199.7
19410101 19411231   404.1
19420101 19421231   452.8
19430101 19431231   275.6
19440101 19441231   243.2
19450101 19451231   333.9
19460101 19461231   416.8
19470101 19471231   512.9
19480101 19481231   385.6
19490101 19491231   450.3
19500101 19501231   494.4
19510101 19511231   501.8
19520101 19521231   485.0
19530101 19531231   443.3
19540101 19541231   490.3
19550101 19551231   554.1
19560101 19561231   706.9
19570101 19571231   329.8
19580101 19581231   477.4
19590101 19591231   359.4
19600101 19601231   702.7
19610101 19611231   355.2
19620101 19621231   428.3
19630101 19631231   452.5
19640101 19641231   542.8
19650101 19651231   380.4
19660101 19661231   449.7
19670101 19671231   197.2
19680101 19681231   554.1
19690101 19691231   420.8
19700101 19701231   426.7
19710101 19711231   463.2
19720101 19721231   345.2
19730101 19731231   860.2
19740101 19741231   699.3
19750101 19751231   565.6
19760101 19761231   330.2
19770101 19771231   285.6
19780101 19781231   501.4
19790101 19791231   541.2
19800101 19801231   438.6
19810101 19811231   440.0
19820101 19821231   160.7
19830101 19831231   627.0
19840101 19841231   480.6
19850101 19851231   371.7
19860101 19861231   493.5
19870101 19871231   502.7
19880101 19881231   630.0
19890101 19891231   643.7
19900101 19901231   365.6
19910101 19911231   465.9
19920101 19921231   709.6
19930101 19931231   548.4
19940101 19941231   268.7
19950101 19951231   524.8
19960101 19961231   556.9
19970101 19971231   349.2
19980101 19981231   421.4
19990101 19991231   475.5
20000101 20001231   375.6
20010101 20011231   315.0
20020101 20021231   276.9
20030101 20031231   409.4
20040101 20041231   322.6
20050101 20051231   408.8
20060101 20061231   217.9
20070101 20071231 99999.9
20080101 20081231   314.8
20090101 20091231   322.0
20100101 20101231   687.0
20110101 20111231   626.1
20120101 20121231   313.4
20130101 20131231   357.5
20140101 20141231 99999.9
20150101 20151231 99999.9
20160101 20161231 99999.9
20170101 20171231   424.8
