PRCP       016039 19030101 20071231 missing_value=99999.9 PURPLE DOWNS                              
19030101 19031231   263.6
19040101 19041231   251.1
19050101 19051231    84.1
19060101 19061231   202.1
19070101 19071231   191.2
19080101 19081231   179.7
19090101 19091231   192.5
19100101 19101231   197.6
19110101 19111231   103.6
19120101 19121231   125.4
19130101 19131231   161.3
19140101 19141231   124.9
19150101 19151231   102.1
19160101 19161231   214.2
19170101 19171231   236.2
19180101 19181231    72.6
19190101 19191231   151.5
19200101 19201231   348.3
19210101 19211231   328.7
19220101 19221231   165.9
19230101 19231231   106.5
19240101 19241231   167.3
19250101 19251231    97.3
19260101 19261231   156.9
19270101 19271231   128.2
19280101 19281231    75.9
19290101 19291231    87.1
19300101 19301231   215.1
19310101 19311231   102.2
19320101 19321231   145.0
19330101 19331231    99.7
19340101 19341231    92.4
19350101 19351231   110.6
19360101 19361231    52.3
19370101 19371231   171.1
19380101 19381231   164.0
19390101 19391231   228.3
19400101 19401231    29.5
19410101 19411231   141.3
19420101 19421231    72.8
19430101 19431231    59.8
19440101 19441231    78.2
19450101 19451231   165.7
19460101 19461231   356.2
19470101 19471231   279.8
19480101 19481231    96.0
19490101 19491231   216.0
19500101 19501231   282.7
19510101 19511231    88.6
19520101 19521231   154.0
19530101 19531231   221.5
19540101 19541231   132.1
19550101 19551231   290.7
19560101 19561231   176.0
19570101 19571231   172.4
19580101 19581231   160.9
19590101 19591231   109.0
19600101 19601231   122.0
19610101 19611231    74.8
19620101 19621231   130.0
19630101 19631231   155.5
19640101 19641231   168.9
19650101 19651231    80.1
19660101 19661231   229.5
19670101 19671231    62.9
19680101 19681231   323.8
19690101 19691231   157.6
19700101 19701231   108.6
19710101 19711231   221.3
19720101 19721231    91.4
19730101 19731231   381.4
19740101 19741231   489.5
19750101 19751231   287.4
19760101 19761231   152.4
19770101 19771231    57.2
19780101 19781231   158.4
19790101 19791231   303.0
19800101 19801231    82.2
19810101 19811231   283.9
19820101 19821231    97.3
19830101 19831231   135.2
19840101 19841231   128.6
19850101 19851231   113.8
19860101 19861231   179.3
19870101 19871231   169.3
19880101 19881231   221.8
19890101 19891231   431.6
19900101 19901231 99999.9
19910101 19911231 99999.9
19920101 19921231   373.8
19930101 19931231 99999.9
19940101 19941231   146.6
19950101 19951231   131.0
19960101 19961231   104.3
19970101 19971231   247.0
19980101 19981231   202.4
19990101 19991231    78.8
20000101 20001231   163.6
20010101 20011231   270.6
20020101 20021231    51.4
20030101 20031231   171.0
20040101 20041231   159.0
20050101 20051231   134.2
20060101 20061231    80.6
20070101 20071231   233.0
