PRCP       007090 19050101 20141231 missing_value=99999.9 WYDGEE                                    
19050101 19051231   240.3
19060101 19061231   228.3
19070101 19071231   215.1
19080101 19081231   246.9
19090101 19091231   264.3
19100101 19101231   257.3
19110101 19111231   137.7
19120101 19121231   236.4
19130101 19131231   226.3
19140101 19141231   218.7
19150101 19151231   406.9
19160101 19161231   216.9
19170101 19171231   487.3
19180101 19181231   508.9
19190101 19191231   347.4
19200101 19201231   236.4
19210101 19211231   364.2
19220101 19221231   193.4
19230101 19231231   299.1
19240101 19241231   117.9
19250101 19251231   231.4
19260101 19261231   392.6
19270101 19271231   306.8
19280101 19281231   228.0
19290101 19291231   273.1
19300101 19301231   317.0
19310101 19311231   200.3
19320101 19321231   224.8
19330101 19331231   330.2
19340101 19341231   268.2
19350101 19351231   284.3
19360101 19361231   163.9
19370101 19371231   141.5
19380101 19381231   143.8
19390101 19391231   335.9
19400101 19401231    94.4
19410101 19411231   221.5
19420101 19421231   260.7
19430101 19431231   236.7
19440101 19441231   105.9
19450101 19451231   282.9
19460101 19461231   274.8
19470101 19471231   335.8
19480101 19481231   420.9
19490101 19491231   273.2
19500101 19501231   162.6
19510101 19511231   381.5
19520101 19521231   210.1
19530101 19531231   451.5
19540101 19541231   164.7
19550101 19551231   356.1
19560101 19561231   180.9
19570101 19571231   205.7
19580101 19581231   286.8
19590101 19591231   195.6
19600101 19601231   411.3
19610101 19611231   262.5
19620101 19621231   291.0
19630101 19631231   624.3
19640101 19641231   320.4
19650101 19651231   334.7
19660101 19661231   223.1
19670101 19671231   271.7
19680101 19681231   293.4
19690101 19691231   186.2
19700101 19701231   305.5
19710101 19711231   207.0
19720101 19721231   219.0
19730101 19731231   323.9
19740101 19741231   441.4
19750101 19751231   385.8
19760101 19761231   162.4
19770101 19771231    88.6
19780101 19781231   311.8
19790101 19791231   169.8
19800101 19801231   288.4
19810101 19811231   275.2
19820101 19821231   244.1
19830101 19831231   324.6
19840101 19841231   407.2
19850101 19851231   194.5
19860101 19861231   286.1
19870101 19871231   133.8
19880101 19881231   295.3
19890101 19891231   249.8
19900101 19901231   297.4
19910101 19911231   226.1
19920101 19921231   536.8
19930101 19931231   194.7
19940101 19941231   151.3
19950101 19951231   388.9
19960101 19961231   356.5
19970101 19971231   275.5
19980101 19981231 99999.9
19990101 19991231   380.4
20000101 20001231   225.7
20010101 20011231   322.3
20020101 20021231   133.4
20030101 20031231   220.3
20040101 20041231   246.4
20050101 20051231   195.5
20060101 20061231   344.7
20070101 20071231   127.8
20080101 20081231   334.8
20090101 20091231   190.4
20100101 20101231   174.9
20110101 20111231   400.7
20120101 20121231 99999.9
20130101 20131231 99999.9
20140101 20141231   297.2
