PRCP       080065 18930101 20171231 missing_value=99999.9 YARROWEYAH                                
18930101 18931231   496.0
18940101 18941231   695.2
18950101 18951231   383.6
18960101 18961231   449.8
18970101 18971231   421.5
18980101 18981231   335.2
18990101 18991231   373.7
19000101 19001231   463.9
19010101 19011231   311.9
19020101 19021231   352.3
19030101 19031231   482.3
19040101 19041231   399.7
19050101 19051231   377.1
19060101 19061231   680.4
19070101 19071231   322.6
19080101 19081231   336.1
19090101 19091231   452.9
19100101 19101231   392.0
19110101 19111231   497.5
19120101 19121231   501.1
19130101 19131231   376.6
19140101 19141231   222.3
19150101 19151231   373.4
19160101 19161231   578.1
19170101 19171231   589.5
19180101 19181231   613.8
19190101 19191231   354.7
19200101 19201231   466.6
19210101 19211231   558.2
19220101 19221231   311.3
19230101 19231231   432.2
19240101 19241231   738.1
19250101 19251231   455.2
19260101 19261231   535.3
19270101 19271231   233.1
19280101 19281231   368.7
19290101 19291231   305.4
19300101 19301231   337.0
19310101 19311231   499.1
19320101 19321231   433.7
19330101 19331231   340.6
19340101 19341231   527.4
19350101 19351231   472.5
19360101 19361231   424.6
19370101 19371231   282.6
19380101 19381231   182.6
19390101 19391231   717.7
19400101 19401231   219.0
19410101 19411231   447.5
19420101 19421231   466.6
19430101 19431231   242.8
19440101 19441231   234.7
19450101 19451231   399.8
19460101 19461231   467.6
19470101 19471231   462.9
19480101 19481231   432.2
19490101 19491231   477.7
19500101 19501231   593.1
19510101 19511231   467.7
19520101 19521231   575.8
19530101 19531231   448.6
19540101 19541231   596.7
19550101 19551231   686.0
19560101 19561231   954.5
19570101 19571231   361.0
19580101 19581231   427.6
19590101 19591231   441.3
19600101 19601231   551.7
19610101 19611231   322.8
19620101 19621231   478.3
19630101 19631231   602.2
19640101 19641231   468.4
19650101 19651231   362.5
19660101 19661231   591.0
19670101 19671231   219.8
19680101 19681231   472.7
19690101 19691231   548.0
19700101 19701231   569.9
19710101 19711231   468.2
19720101 19721231   281.1
19730101 19731231   826.3
19740101 19741231   789.6
19750101 19751231   588.4
19760101 19761231   290.2
19770101 19771231   296.5
19780101 19781231   626.4
19790101 19791231   380.0
19800101 19801231   354.0
19810101 19811231   589.6
19820101 19821231   199.8
19830101 19831231   462.2
19840101 19841231   464.8
19850101 19851231   458.0
19860101 19861231   519.1
19870101 19871231   334.6
19880101 19881231 99999.9
19890101 19891231   589.8
19900101 19901231   470.0
19910101 19911231   367.0
19920101 19921231   620.6
19930101 19931231   614.0
19940101 19941231   292.8
19950101 19951231   498.4
19960101 19961231   465.2
19970101 19971231   324.6
19980101 19981231   334.8
19990101 19991231   423.0
20000101 20001231   458.1
20010101 20011231 99999.9
20020101 20021231   233.6
20030101 20031231   594.2
20040101 20041231 99999.9
20050101 20051231 99999.9
20060101 20061231 99999.9
20070101 20071231 99999.9
20080101 20081231   375.3
20090101 20091231   279.1
20100101 20101231   746.5
20110101 20111231   603.1
20120101 20121231   523.9
20130101 20131231   344.4
20140101 20141231   456.0
20150101 20151231   460.0
20160101 20161231   592.7
20170101 20171231   393.1
