PRCP       014401 19170101 20161231 missing_value=99999.9 WARRUWI                                   
19170101 19171231  1305.1
19180101 19181231   740.0
19190101 19191231  1147.6
19200101 19201231   883.4
19210101 19211231  1180.6
19220101 19221231   941.9
19230101 19231231  1020.2
19240101 19241231  1274.6
19250101 19251231   953.4
19260101 19261231  1613.8
19270101 19271231   696.4
19280101 19281231   870.7
19290101 19291231   662.3
19300101 19301231  1217.7
19310101 19311231   718.1
19320101 19321231   852.2
19330101 19331231  1229.8
19340101 19341231  1492.8
19350101 19351231  1151.7
19360101 19361231   915.3
19370101 19371231   957.5
19380101 19381231   920.3
19390101 19391231  1259.7
19400101 19401231  1392.0
19410101 19411231  1271.9
19420101 19421231   846.7
19430101 19431231   894.8
19440101 19441231  1255.5
19450101 19451231  1603.1
19460101 19461231   760.0
19470101 19471231   889.7
19480101 19481231  1317.1
19490101 19491231  1317.4
19500101 19501231  1394.5
19510101 19511231   769.5
19520101 19521231   969.5
19530101 19531231  1144.6
19540101 19541231  1402.2
19550101 19551231  1271.0
19560101 19561231  1746.6
19570101 19571231  2193.5
19580101 19581231   753.5
19590101 19591231  1578.8
19600101 19601231  1050.4
19610101 19611231   888.9
19620101 19621231  1099.1
19630101 19631231  1087.7
19640101 19641231  1789.6
19650101 19651231  1506.5
19660101 19661231   903.8
19670101 19671231   965.6
19680101 19681231  1245.6
19690101 19691231  1584.9
19700101 19701231   727.9
19710101 19711231  1075.4
19720101 19721231   834.5
19730101 19731231  1493.9
19740101 19741231  1317.1
19750101 19751231  1413.6
19760101 19761231  1008.7
19770101 19771231   799.6
19780101 19781231  1031.1
19790101 19791231   609.0
19800101 19801231  1474.8
19810101 19811231  1588.2
19820101 19821231  1154.3
19830101 19831231   925.6
19840101 19841231  1731.7
19850101 19851231  1735.8
19860101 19861231   971.0
19870101 19871231  1488.4
19880101 19881231  1040.5
19890101 19891231  1484.1
19900101 19901231   749.2
19910101 19911231  1165.0
19920101 19921231  1314.6
19930101 19931231  1128.0
19940101 19941231 99999.9
19950101 19951231 99999.9
19960101 19961231 99999.9
19970101 19971231  1270.7
19980101 19981231  1132.6
19990101 19991231  1713.1
20000101 20001231  1628.5
20010101 20011231   649.8
20020101 20021231   490.2
20030101 20031231   731.5
20040101 20041231  1270.6
20050101 20051231 99999.9
20060101 20061231   741.0
20070101 20071231   969.4
20080101 20081231   851.6
20090101 20091231   816.6
20100101 20101231  1148.0
20110101 20111231  1863.6
20120101 20121231   416.6
20130101 20131231  1242.6
20140101 20141231  1033.2
20150101 20151231  1395.2
20160101 20161231   715.6
