PRCP       018031 19100101 20171231 missing_value=99999.9 GILLES DOWNS                              
19100101 19101231   325.9
19110101 19111231   143.1
19120101 19121231   276.1
19130101 19131231   235.3
19140101 19141231   128.0
19150101 19151231   219.6
19160101 19161231   347.3
19170101 19171231   313.2
19180101 19181231   178.2
19190101 19191231   202.7
19200101 19201231   324.7
19210101 19211231   457.3
19220101 19221231   141.9
19230101 19231231   214.1
19240101 19241231   216.6
19250101 19251231   155.4
19260101 19261231   235.6
19270101 19271231    98.9
19280101 19281231   149.4
19290101 19291231   111.0
19300101 19301231   199.4
19310101 19311231   195.3
19320101 19321231   273.9
19330101 19331231   164.7
19340101 19341231   161.9
19350101 19351231   242.3
19360101 19361231   172.6
19370101 19371231   318.0
19380101 19381231   240.4
19390101 19391231   217.4
19400101 19401231   106.2
19410101 19411231   218.5
19420101 19421231   392.5
19430101 19431231   124.0
19440101 19441231   177.3
19450101 19451231   163.2
19460101 19461231   454.4
19470101 19471231   358.1
19480101 19481231   140.6
19490101 19491231   244.9
19500101 19501231   217.3
19510101 19511231   203.6
19520101 19521231   289.2
19530101 19531231   187.1
19540101 19541231   257.1
19550101 19551231   319.4
19560101 19561231   321.9
19570101 19571231   106.9
19580101 19581231   321.2
19590101 19591231   115.1
19600101 19601231   348.9
19610101 19611231   210.2
19620101 19621231   194.8
19630101 19631231   347.1
19640101 19641231   167.1
19650101 19651231   161.3
19660101 19661231   309.4
19670101 19671231   162.1
19680101 19681231   328.2
19690101 19691231   264.0
19700101 19701231   140.8
19710101 19711231   243.7
19720101 19721231   197.5
19730101 19731231   477.1
19740101 19741231   580.7
19750101 19751231   227.5
19760101 19761231   206.9
19770101 19771231   144.7
19780101 19781231   252.9
19790101 19791231   443.9
19800101 19801231   230.0
19810101 19811231   243.5
19820101 19821231   101.8
19830101 19831231   228.7
19840101 19841231   250.6
19850101 19851231   226.1
19860101 19861231   256.1
19870101 19871231   210.6
19880101 19881231   196.5
19890101 19891231   315.4
19900101 19901231   198.6
19910101 19911231   216.2
19920101 19921231   466.6
19930101 19931231   294.6
19940101 19941231 99999.9
19950101 19951231   275.8
19960101 19961231   211.0
19970101 19971231   352.2
19980101 19981231   301.6
19990101 19991231   229.0
20000101 20001231 99999.9
20010101 20011231   319.9
20020101 20021231   118.4
20030101 20031231   248.5
20040101 20041231   154.0
20050101 20051231   215.0
20060101 20061231   137.0
20070101 20071231   404.0
20080101 20081231   172.5
20090101 20091231 99999.9
20100101 20101231   347.2
20110101 20111231   355.8
20120101 20121231   177.3
20130101 20131231   249.8
20140101 20141231   274.8
20150101 20151231   171.2
20160101 20161231   348.5
20170101 20171231   217.9
