PRCP       011010 19110101 20041231 missing_value=99999.9 NOONDOONIA                                
19110101 19111231    99.1
19120101 19121231   217.0
19130101 19131231   210.1
19140101 19141231   234.4
19150101 19151231   386.4
19160101 19161231   207.9
19170101 19171231   482.0
19180101 19181231   248.5
19190101 19191231   331.9
19200101 19201231   262.2
19210101 19211231   283.4
19220101 19221231   207.4
19230101 19231231   224.7
19240101 19241231   178.7
19250101 19251231   242.9
19260101 19261231   139.1
19270101 19271231   364.3
19280101 19281231   194.1
19290101 19291231   218.1
19300101 19301231   194.8
19310101 19311231   343.5
19320101 19321231   209.1
19330101 19331231   171.1
19340101 19341231   215.7
19350101 19351231   263.8
19360101 19361231   258.3
19370101 19371231   171.3
19380101 19381231   182.1
19390101 19391231   342.7
19400101 19401231   122.7
19410101 19411231   272.8
19420101 19421231   362.9
19430101 19431231   301.4
19440101 19441231   192.0
19450101 19451231    90.6
19460101 19461231   229.9
19470101 19471231   313.1
19480101 19481231   269.3
19490101 19491231   221.6
19500101 19501231   131.1
19510101 19511231   262.2
19520101 19521231   276.0
19530101 19531231   206.5
19540101 19541231   114.2
19550101 19551231   407.3
19560101 19561231   175.4
19570101 19571231   115.0
19580101 19581231   288.0
19590101 19591231   284.6
19600101 19601231   316.7
19610101 19611231   233.3
19620101 19621231   240.4
19630101 19631231   406.5
19640101 19641231   274.5
19650101 19651231   202.9
19660101 19661231   168.1
19670101 19671231   334.7
19680101 19681231   377.1
19690101 19691231   225.6
19700101 19701231   207.3
19710101 19711231   155.4
19720101 19721231   163.7
19730101 19731231   354.6
19740101 19741231   527.9
19750101 19751231   310.9
19760101 19761231   156.9
19770101 19771231   182.1
19780101 19781231   287.0
19790101 19791231   237.9
19800101 19801231   217.6
19810101 19811231   286.3
19820101 19821231   345.1
19830101 19831231   334.9
19840101 19841231   306.5
19850101 19851231   280.5
19860101 19861231   406.0
19870101 19871231   289.6
19880101 19881231   317.3
19890101 19891231   176.5
19900101 19901231   262.5
19910101 19911231   240.9
19920101 19921231   567.4
19930101 19931231   465.3
19940101 19941231   178.9
19950101 19951231   417.4
19960101 19961231   286.4
19970101 19971231   306.4
19980101 19981231   308.8
19990101 19991231 99999.9
20000101 20001231 99999.9
20010101 20011231   407.4
20020101 20021231   175.3
20030101 20031231   257.2
20040101 20041231   262.0
