PRCP       004006 19070101 20171231 missing_value=99999.9 BONNEY DOWNS                              
19070101 19071231   230.8
19080101 19081231   293.1
19090101 19091231   320.2
19100101 19101231   176.2
19110101 19111231   196.0
19120101 19121231   342.2
19130101 19131231   105.8
19140101 19141231   258.9
19150101 19151231   463.4
19160101 19161231   292.5
19170101 19171231   699.6
19180101 19181231   197.4
19190101 19191231   331.4
19200101 19201231   252.9
19210101 19211231   323.4
19220101 19221231   235.0
19230101 19231231   250.0
19240101 19241231    55.8
19250101 19251231   494.0
19260101 19261231   229.5
19270101 19271231   407.9
19280101 19281231   265.1
19290101 19291231   227.2
19300101 19301231   398.0
19310101 19311231   476.7
19320101 19321231   153.7
19330101 19331231   282.9
19340101 19341231   475.3
19350101 19351231   130.7
19360101 19361231   143.2
19370101 19371231   294.5
19380101 19381231   336.6
19390101 19391231   249.1
19400101 19401231   216.6
19410101 19411231   268.1
19420101 19421231   758.3
19430101 19431231   501.9
19440101 19441231    46.8
19450101 19451231   184.7
19460101 19461231   284.9
19470101 19471231   511.7
19480101 19481231   413.2
19490101 19491231   237.9
19500101 19501231   137.0
19510101 19511231   209.4
19520101 19521231   197.5
19530101 19531231   305.7
19540101 19541231   324.9
19550101 19551231   405.0
19560101 19561231   178.3
19570101 19571231   185.9
19580101 19581231   184.3
19590101 19591231   200.2
19600101 19601231   352.6
19610101 19611231   403.9
19620101 19621231   199.7
19630101 19631231   258.7
19640101 19641231   153.1
19650101 19651231   236.6
19660101 19661231   234.9
19670101 19671231   265.3
19680101 19681231   380.8
19690101 19691231   100.6
19700101 19701231   266.0
19710101 19711231   576.7
19720101 19721231    50.2
19730101 19731231   475.3
19740101 19741231   239.4
19750101 19751231   500.2
19760101 19761231   781.0
19770101 19771231   230.7
19780101 19781231   506.5
19790101 19791231   240.8
19800101 19801231   520.9
19810101 19811231   272.3
19820101 19821231   323.0
19830101 19831231   214.1
19840101 19841231   342.8
19850101 19851231   113.8
19860101 19861231   188.7
19870101 19871231   315.7
19880101 19881231   576.1
19890101 19891231   254.3
19900101 19901231   146.7
19910101 19911231   183.0
19920101 19921231   230.0
19930101 19931231   350.0
19940101 19941231   240.3
19950101 19951231   546.5
19960101 19961231   394.4
19970101 19971231   612.9
19980101 19981231 99999.9
19990101 19991231   623.6
20000101 20001231   823.9
20010101 20011231   397.1
20020101 20021231   789.1
20030101 20031231 99999.9
20040101 20041231   472.0
20050101 20051231   145.0
20060101 20061231   773.2
20070101 20071231   274.9
20080101 20081231   288.0
20090101 20091231   354.4
20100101 20101231   131.3
20110101 20111231   485.9
20120101 20121231   449.5
20130101 20131231   388.1
20140101 20141231 99999.9
20150101 20151231   366.3
20160101 20161231   357.9
20170101 20171231   595.4
