PRCP       009551 19030101 20151231 missing_value=99999.9 GRASSMERE                                 
19030101 19031231  1063.8
19040101 19041231  1104.0
19050101 19051231   973.6
19060101 19061231   977.6
19070101 19071231  1124.7
19080101 19081231   845.1
19090101 19091231  1146.7
19100101 19101231  1323.2
19110101 19111231   888.8
19120101 19121231  1002.8
19130101 19131231  1199.1
19140101 19141231   844.1
19150101 19151231  1217.8
19160101 19161231  1167.8
19170101 19171231  1498.0
19180101 19181231  1202.3
19190101 19191231  1015.9
19200101 19201231  1250.6
19210101 19211231  1200.8
19220101 19221231  1029.1
19230101 19231231  1165.1
19240101 19241231  1045.6
19250101 19251231   976.9
19260101 19261231  1137.2
19270101 19271231  1149.6
19280101 19281231  1174.7
19290101 19291231  1073.9
19300101 19301231   896.7
19310101 19311231  1096.6
19320101 19321231   964.7
19330101 19331231  1122.8
19340101 19341231  1113.2
19350101 19351231   984.2
19360101 19361231   849.2
19370101 19371231   971.5
19380101 19381231   949.8
19390101 19391231  1210.0
19400101 19401231   632.8
19410101 19411231   889.1
19420101 19421231  1248.5
19430101 19431231  1033.2
19440101 19441231   863.9
19450101 19451231  1227.5
19460101 19461231   824.7
19470101 19471231  1172.5
19480101 19481231  1016.7
19490101 19491231  1047.5
19500101 19501231   982.9
19510101 19511231  1136.6
19520101 19521231  1083.4
19530101 19531231   798.5
19540101 19541231   760.9
19550101 19551231  1563.9
19560101 19561231   984.2
19570101 19571231   832.6
19580101 19581231   957.0
19590101 19591231   894.9
19600101 19601231   961.2
19610101 19611231   977.0
19620101 19621231  1029.0
19630101 19631231  1093.4
19640101 19641231  1092.2
19650101 19651231   926.8
19660101 19661231  1041.9
19670101 19671231  1077.5
19680101 19681231   979.2
19690101 19691231   720.9
19700101 19701231  1018.8
19710101 19711231  1076.0
19720101 19721231   757.3
19730101 19731231  1041.8
19740101 19741231   800.9
19750101 19751231   997.3
19760101 19761231  1102.5
19770101 19771231   842.8
19780101 19781231  1025.6
19790101 19791231  1007.5
19800101 19801231   845.7
19810101 19811231   971.0
19820101 19821231   821.0
19830101 19831231   755.4
19840101 19841231   915.0
19850101 19851231   836.4
19860101 19861231   800.6
19870101 19871231   728.2
19880101 19881231   974.2
19890101 19891231  1042.6
19900101 19901231  1020.5
19910101 19911231   983.8
19920101 19921231  1113.0
19930101 19931231   943.7
19940101 19941231   846.6
19950101 19951231   915.8
19960101 19961231  1040.2
19970101 19971231   875.6
19980101 19981231   972.8
19990101 19991231   909.2
20000101 20001231   892.0
20010101 20011231   864.6
20020101 20021231   792.2
20030101 20031231 99999.9
20040101 20041231 99999.9
20050101 20051231 99999.9
20060101 20061231 99999.9
20070101 20071231  1025.2
20080101 20081231  1034.2
20090101 20091231   961.4
20100101 20101231   792.6
20110101 20111231  1061.3
20120101 20121231   920.6
20130101 20131231  1007.2
20140101 20141231   678.2
20150101 20151231   641.2
