PRCP       089033 18800101 20171231 missing_value=99999.9 WICKLIFFE                                 
18800101 18801231   601.4
18810101 18811231   474.4
18820101 18821231   520.8
18830101 18831231   641.9
18840101 18841231   542.6
18850101 18851231   432.3
18860101 18861231   514.7
18870101 18871231   606.8
18880101 18881231   494.4
18890101 18891231   761.1
18900101 18901231   599.4
18910101 18911231   510.2
18920101 18921231   473.4
18930101 18931231   661.6
18940101 18941231   714.5
18950101 18951231   454.1
18960101 18961231   463.6
18970101 18971231   450.6
18980101 18981231   397.7
18990101 18991231   536.0
19000101 19001231   552.9
19010101 19011231   562.2
19020101 19021231   395.4
19030101 19031231   626.1
19040101 19041231   558.1
19050101 19051231   541.9
19060101 19061231   685.9
19070101 19071231   527.1
19080101 19081231   477.6
19090101 19091231   589.0
19100101 19101231   668.0
19110101 19111231   714.9
19120101 19121231   427.4
19130101 19131231   456.1
19140101 19141231   289.0
19150101 19151231   420.8
19160101 19161231   595.5
19170101 19171231   614.1
19180101 19181231   458.2
19190101 19191231   436.9
19200101 19201231   450.9
19210101 19211231   538.6
19220101 19221231   557.4
19230101 19231231   597.7
19240101 19241231   610.5
19250101 19251231   469.2
19260101 19261231   475.3
19270101 19271231   386.1
19280101 19281231   612.2
19290101 19291231   511.5
19300101 19301231   587.8
19310101 19311231   552.9
19320101 19321231   619.6
19330101 19331231   503.3
19340101 19341231   660.5
19350101 19351231   586.6
19360101 19361231   509.1
19370101 19371231   570.1
19380101 19381231   362.1
19390101 19391231   710.5
19400101 19401231   432.1
19410101 19411231   657.4
19420101 19421231   680.8
19430101 19431231   544.1
19440101 19441231   475.7
19450101 19451231   469.3
19460101 19461231   797.3
19470101 19471231   670.9
19480101 19481231   520.9
19490101 19491231   509.6
19500101 19501231   536.0
19510101 19511231   563.0
19520101 19521231   648.8
19530101 19531231   494.6
19540101 19541231   592.8
19550101 19551231   563.9
19560101 19561231   669.2
19570101 19571231   541.5
19580101 19581231   599.8
19590101 19591231   612.9
19600101 19601231   763.2
19610101 19611231   525.8
19620101 19621231   542.4
19630101 19631231   576.3
19640101 19641231   871.1
19650101 19651231   477.3
19660101 19661231   611.9
19670101 19671231   279.8
19680101 19681231   555.0
19690101 19691231   607.0
19700101 19701231   687.1
19710101 19711231   701.8
19720101 19721231   524.8
19730101 19731231   642.6
19740101 19741231   721.1
19750101 19751231   632.7
19760101 19761231   541.7
19770101 19771231   556.5
19780101 19781231   693.8
19790101 19791231   504.2
19800101 19801231   614.7
19810101 19811231   541.8
19820101 19821231   312.4
19830101 19831231   673.3
19840101 19841231   639.0
19850101 19851231   585.3
19860101 19861231   608.5
19870101 19871231   608.6
19880101 19881231   515.3
19890101 19891231   573.8
19900101 19901231   604.4
19910101 19911231   563.6
19920101 19921231   798.4
19930101 19931231   595.1
19940101 19941231   468.9
19950101 19951231   510.8
19960101 19961231   516.0
19970101 19971231   401.6
19980101 19981231 99999.9
19990101 19991231   546.2
20000101 20001231   527.5
20010101 20011231   679.7
20020101 20021231   474.8
20030101 20031231   569.0
20040101 20041231 99999.9
20050101 20051231   474.4
20060101 20061231   337.2
20070101 20071231   609.6
20080101 20081231   476.2
20090101 20091231   526.4
20100101 20101231   801.7
20110101 20111231   618.2
20120101 20121231 99999.9
20130101 20131231   502.9
20140101 20141231 99999.9
20150101 20151231   396.0
20160101 20161231   613.8
20170101 20171231   562.5
