PRCP       050028 18830101 20161231 missing_value=99999.9 TRUNDLE  (MURRUMBOGIE)                    
18830101 18831231   308.9
18840101 18841231   416.1
18850101 18851231   464.9
18860101 18861231   631.2
18870101 18871231   970.8
18880101 18881231   362.8
18890101 18891231   800.7
18900101 18901231   749.6
18910101 18911231   740.6
18920101 18921231   538.9
18930101 18931231   591.2
18940101 18941231   817.8
18950101 18951231   345.8
18960101 18961231   419.4
18970101 18971231   353.3
18980101 18981231   375.7
18990101 18991231   329.3
19000101 19001231   394.0
19010101 19011231   289.1
19020101 19021231   205.3
19030101 19031231   417.3
19040101 19041231   340.5
19050101 19051231   582.4
19060101 19061231   536.5
19070101 19071231   383.6
19080101 19081231   296.9
19090101 19091231   333.0
19100101 19101231   438.3
19110101 19111231   616.2
19120101 19121231   304.8
19130101 19131231   392.7
19140101 19141231   316.5
19150101 19151231   276.0
19160101 19161231   670.7
19170101 19171231   547.2
19180101 19181231   285.7
19190101 19191231   229.6
19200101 19201231   481.1
19210101 19211231   452.0
19220101 19221231   230.2
19230101 19231231   283.4
19240101 19241231   622.4
19250101 19251231   489.8
19260101 19261231   530.3
19270101 19271231   417.4
19280101 19281231   517.0
19290101 19291231   270.6
19300101 19301231   562.1
19310101 19311231   581.4
19320101 19321231   461.7
19330101 19331231   375.8
19340101 19341231   530.9
19350101 19351231   303.2
19360101 19361231   553.7
19370101 19371231   238.8
19380101 19381231   362.7
19390101 19391231   470.6
19400101 19401231   256.1
19410101 19411231   427.5
19420101 19421231   457.9
19430101 19431231   332.2
19440101 19441231   166.4
19450101 19451231   427.1
19460101 19461231   274.9
19470101 19471231   642.6
19480101 19481231   402.1
19490101 19491231   488.8
19500101 19501231   954.9
19510101 19511231   305.1
19520101 19521231   566.3
19530101 19531231   310.4
19540101 19541231   642.7
19550101 19551231   805.5
19560101 19561231   869.1
19570101 19571231   262.5
19580101 19581231   642.9
19590101 19591231   689.3
19600101 19601231   385.0
19610101 19611231   574.9
19620101 19621231   551.6
19630101 19631231   565.9
19640101 19641231   330.6
19650101 19651231   322.3
19660101 19661231   494.8
19670101 19671231   324.5
19680101 19681231   526.8
19690101 19691231   588.5
19700101 19701231   504.0
19710101 19711231   530.2
19720101 19721231   313.1
19730101 19731231   657.2
19740101 19741231   651.5
19750101 19751231   493.5
19760101 19761231   878.3
19770101 19771231   379.0
19780101 19781231   866.9
19790101 19791231   294.9
19800101 19801231   311.7
19810101 19811231   443.6
19820101 19821231   401.3
19830101 19831231   563.3
19840101 19841231   672.1
19850101 19851231   467.0
19860101 19861231   304.5
19870101 19871231   474.1
19880101 19881231   581.7
19890101 19891231   490.1
19900101 19901231   691.3
19910101 19911231   439.4
19920101 19921231   819.2
19930101 19931231   586.5
19940101 19941231 99999.9
19950101 19951231 99999.9
19960101 19961231   548.0
19970101 19971231   282.8
19980101 19981231   783.8
19990101 19991231   807.2
20000101 20001231   575.2
20010101 20011231   463.0
20020101 20021231   268.6
20030101 20031231   374.4
20040101 20041231   428.3
20050101 20051231   490.0
20060101 20061231   169.0
20070101 20071231   523.2
20080101 20081231   366.4
20090101 20091231   427.2
20100101 20101231   709.1
20110101 20111231   603.0
20120101 20121231   667.7
20130101 20131231 99999.9
20140101 20141231 99999.9
20150101 20151231   600.5
20160101 20161231   728.6
