PRCP       073012 19080101 20121231 missing_value=99999.9 HARDEN (DUNOLLY)                          
19080101 19081231   509.5
19090101 19091231   491.4
19100101 19101231   566.3
19110101 19111231   632.7
19120101 19121231   423.8
19130101 19131231   375.1
19140101 19141231   351.2
19150101 19151231   438.2
19160101 19161231   830.3
19170101 19171231   746.5
19180101 19181231   418.3
19190101 19191231   334.5
19200101 19201231   754.4
19210101 19211231   597.6
19220101 19221231   409.5
19230101 19231231   658.2
19240101 19241231   666.5
19250101 19251231   577.1
19260101 19261231   594.2
19270101 19271231   347.4
19280101 19281231   595.9
19290101 19291231   360.0
19300101 19301231   567.5
19310101 19311231   800.9
19320101 19321231   505.8
19330101 19331231   457.9
19340101 19341231 99999.9
19350101 19351231 99999.9
19360101 19361231 99999.9
19370101 19371231 99999.9
19380101 19381231   399.2
19390101 19391231   715.4
19400101 19401231   351.3
19410101 19411231   488.7
19420101 19421231   617.0
19430101 19431231   618.0
19440101 19441231   217.1
19450101 19451231   438.7
19460101 19461231   579.9
19470101 19471231   627.9
19480101 19481231   518.3
19490101 19491231   668.5
19500101 19501231   987.2
19510101 19511231   509.6
19520101 19521231   795.9
19530101 19531231   528.3
19540101 19541231   516.5
19550101 19551231   692.8
19560101 19561231  1026.2
19570101 19571231   314.7
19580101 19581231   616.8
19590101 19591231   680.6
19600101 19601231   614.7
19610101 19611231   618.2
19620101 19621231   663.9
19630101 19631231   548.8
19640101 19641231   624.4
19650101 19651231   433.4
19660101 19661231   685.7
19670101 19671231   295.1
19680101 19681231   619.0
19690101 19691231   824.3
19700101 19701231   731.3
19710101 19711231   669.8
19720101 19721231   470.0
19730101 19731231   811.0
19740101 19741231   972.2
19750101 19751231   591.9
19760101 19761231   469.6
19770101 19771231   463.6
19780101 19781231   752.6
19790101 19791231   326.0
19800101 19801231   507.0
19810101 19811231   584.4
19820101 19821231   275.4
19830101 19831231   701.6
19840101 19841231   835.8
19850101 19851231   637.6
19860101 19861231   725.4
19870101 19871231   532.7
19880101 19881231   666.8
19890101 19891231   709.2
19900101 19901231   603.0
19910101 19911231   521.4
19920101 19921231   792.2
19930101 19931231   782.4
19940101 19941231   420.4
19950101 19951231   846.8
19960101 19961231   819.4
19970101 19971231   333.9
19980101 19981231   610.0
19990101 19991231   711.4
20000101 20001231   597.0
20010101 20011231   519.8
20020101 20021231   374.0
20030101 20031231   602.2
20040101 20041231   462.7
20050101 20051231   604.5
20060101 20061231 99999.9
20070101 20071231   553.7
20080101 20081231   481.3
20090101 20091231   377.9
20100101 20101231  1083.7
20110101 20111231   765.4
20120101 20121231   668.2
