PRCP       009591 19000101 20151231 missing_value=99999.9 PARDELUP                                  
19000101 19001231   858.5
19010101 19011231   739.3
19020101 19021231   812.3
19030101 19031231   936.3
19040101 19041231   868.7
19050101 19051231   940.4
19060101 19061231   823.5
19070101 19071231   894.6
19080101 19081231   807.7
19090101 19091231   858.3
19100101 19101231  1096.0
19110101 19111231   657.0
19120101 19121231   726.3
19130101 19131231   915.9
19140101 19141231   668.3
19150101 19151231   857.1
19160101 19161231   874.7
19170101 19171231  1255.0
19180101 19181231   921.3
19190101 19191231   755.1
19200101 19201231   875.8
19210101 19211231   869.7
19220101 19221231   770.7
19230101 19231231   953.6
19240101 19241231   860.4
19250101 19251231   729.5
19260101 19261231   962.4
19270101 19271231   824.8
19280101 19281231   859.5
19290101 19291231   757.8
19300101 19301231   627.1
19310101 19311231   672.2
19320101 19321231   761.9
19330101 19331231   997.6
19340101 19341231   840.1
19350101 19351231   783.4
19360101 19361231   641.0
19370101 19371231   774.5
19380101 19381231   664.0
19390101 19391231   950.5
19400101 19401231   469.5
19410101 19411231   855.2
19420101 19421231  1122.8
19430101 19431231   974.9
19440101 19441231   636.8
19450101 19451231  1006.2
19460101 19461231   708.1
19470101 19471231  1043.3
19480101 19481231   644.3
19490101 19491231   719.3
19500101 19501231   879.7
19510101 19511231   986.8
19520101 19521231   781.7
19530101 19531231   721.4
19540101 19541231   520.5
19550101 19551231  1133.6
19560101 19561231   724.9
19570101 19571231   645.8
19580101 19581231   756.8
19590101 19591231   683.3
19600101 19601231   798.2
19610101 19611231   857.9
19620101 19621231   685.9
19630101 19631231   700.9
19640101 19641231   864.8
19650101 19651231   825.7
19660101 19661231   695.9
19670101 19671231   734.7
19680101 19681231   717.5
19690101 19691231   483.5
19700101 19701231   789.0
19710101 19711231   830.4
19720101 19721231   499.7
19730101 19731231   766.5
19740101 19741231   600.4
19750101 19751231   747.7
19760101 19761231   684.6
19770101 19771231   742.9
19780101 19781231   793.0
19790101 19791231   655.5
19800101 19801231   760.6
19810101 19811231   665.5
19820101 19821231   619.4
19830101 19831231   614.3
19840101 19841231   746.1
19850101 19851231   738.0
19860101 19861231   612.9
19870101 19871231   587.1
19880101 19881231   892.2
19890101 19891231   807.8
19900101 19901231   707.1
19910101 19911231   735.6
19920101 19921231   877.0
19930101 19931231   705.6
19940101 19941231   522.1
19950101 19951231   741.9
19960101 19961231 99999.9
19970101 19971231 99999.9
19980101 19981231   845.2
19990101 19991231 99999.9
20000101 20001231 99999.9
20010101 20011231   640.1
20020101 20021231   592.5
20030101 20031231 99999.9
20040101 20041231 99999.9
20050101 20051231 99999.9
20060101 20061231 99999.9
20070101 20071231   621.5
20080101 20081231   738.3
20090101 20091231   641.4
20100101 20101231   416.6
20110101 20111231   816.6
20120101 20121231   581.5
20130101 20131231   649.9
20140101 20141231 99999.9
20150101 20151231   565.7
