PRCP       029034 18870101 20151231 missing_value=99999.9 MCKINLAY ROADHOUSE                        
18870101 18871231   612.4
18880101 18881231   369.8
18890101 18891231   265.2
18900101 18901231   558.7
18910101 18911231  1262.9
18920101 18921231   255.3
18930101 18931231   399.8
18940101 18941231   939.5
18950101 18951231   662.0
18960101 18961231   250.2
18970101 18971231   197.1
18980101 18981231   387.6
18990101 18991231   219.8
19000101 19001231   149.7
19010101 19011231   305.1
19020101 19021231   124.1
19030101 19031231   713.7
19040101 19041231   364.7
19050101 19051231    99.0
19060101 19061231   657.2
19070101 19071231   422.8
19080101 19081231   465.8
19090101 19091231   311.9
19100101 19101231   603.2
19110101 19111231   545.6
19120101 19121231   392.9
19130101 19131231   303.7
19140101 19141231   417.7
19150101 19151231   309.6
19160101 19161231   719.0
19170101 19171231   379.3
19180101 19181231   601.0
19190101 19191231   238.3
19200101 19201231   682.1
19210101 19211231   460.8
19220101 19221231   331.2
19230101 19231231   193.8
19240101 19241231   381.7
19250101 19251231   400.1
19260101 19261231   119.8
19270101 19271231   191.9
19280101 19281231    69.1
19290101 19291231   218.8
19300101 19301231   605.9
19310101 19311231   206.4
19320101 19321231   157.8
19330101 19331231   273.5
19340101 19341231   178.3
19350101 19351231   272.3
19360101 19361231   729.0
19370101 19371231   440.0
19380101 19381231   421.4
19390101 19391231   431.5
19400101 19401231   405.6
19410101 19411231   557.4
19420101 19421231   340.9
19430101 19431231   191.2
19440101 19441231   616.8
19450101 19451231   262.8
19460101 19461231   505.8
19470101 19471231   494.4
19480101 19481231   167.7
19490101 19491231   290.2
19500101 19501231   871.1
19510101 19511231   430.8
19520101 19521231   214.4
19530101 19531231   544.2
19540101 19541231   600.7
19550101 19551231   560.1
19560101 19561231   372.5
19570101 19571231   507.1
19580101 19581231   289.6
19590101 19591231   375.6
19600101 19601231   326.9
19610101 19611231   224.6
19620101 19621231   295.4
19630101 19631231   261.4
19640101 19641231   340.2
19650101 19651231   196.3
19660101 19661231   273.9
19670101 19671231   192.2
19680101 19681231   377.7
19690101 19691231   193.2
19700101 19701231   193.8
19710101 19711231   835.4
19720101 19721231   327.2
19730101 19731231   606.8
19740101 19741231   994.7
19750101 19751231   528.3
19760101 19761231   542.0
19770101 19771231   558.2
19780101 19781231   434.6
19790101 19791231   604.6
19800101 19801231   194.6
19810101 19811231   630.2
19820101 19821231   201.2
19830101 19831231   253.4
19840101 19841231   480.2
19850101 19851231   282.0
19860101 19861231   291.1
19870101 19871231   333.8
19880101 19881231   190.4
19890101 19891231 99999.9
19900101 19901231   332.8
19910101 19911231   790.3
19920101 19921231   445.5
19930101 19931231   330.6
19940101 19941231 99999.9
19950101 19951231 99999.9
19960101 19961231 99999.9
19970101 19971231 99999.9
19980101 19981231 99999.9
19990101 19991231 99999.9
20000101 20001231   612.0
20010101 20011231   186.5
20020101 20021231   238.0
20030101 20031231   360.6
20040101 20041231   249.4
20050101 20051231   319.6
20060101 20061231 99999.9
20070101 20071231   437.3
20080101 20081231   261.0
20090101 20091231   537.9
20100101 20101231   556.4
20110101 20111231   535.0
20120101 20121231   444.9
20130101 20131231   101.2
20140101 20141231   243.0
20150101 20151231   497.1
