PRCP       024535 18990101 20151231 missing_value=99999.9 SWAN REACH                                
18990101 18991231   259.2
19000101 19001231   268.6
19010101 19011231   145.9
19020101 19021231   210.7
19030101 19031231   381.2
19040101 19041231   217.2
19050101 19051231   278.2
19060101 19061231   358.3
19070101 19071231   250.1
19080101 19081231   319.5
19090101 19091231   279.1
19100101 19101231   416.8
19110101 19111231   229.8
19120101 19121231   256.3
19130101 19131231   253.4
19140101 19141231   177.7
19150101 19151231   244.7
19160101 19161231   400.3
19170101 19171231   337.1
19180101 19181231   206.3
19190101 19191231   235.6
19200101 19201231   325.0
19210101 19211231   432.3
19220101 19221231   264.5
19230101 19231231   272.4
19240101 19241231   323.8
19250101 19251231   249.9
19260101 19261231   223.7
19270101 19271231   152.4
19280101 19281231   240.6
19290101 19291231   177.5
19300101 19301231   243.3
19310101 19311231   257.7
19320101 19321231   283.8
19330101 19331231   291.1
19340101 19341231   278.2
19350101 19351231   247.0
19360101 19361231   252.3
19370101 19371231   301.5
19380101 19381231   181.4
19390101 19391231   256.3
19400101 19401231   141.2
19410101 19411231   397.9
19420101 19421231   362.6
19430101 19431231   180.2
19440101 19441231   134.3
19450101 19451231   242.2
19460101 19461231   380.3
19470101 19471231   370.6
19480101 19481231   226.8
19490101 19491231   220.5
19500101 19501231   314.1
19510101 19511231   344.4
19520101 19521231   332.4
19530101 19531231   232.4
19540101 19541231   269.7
19550101 19551231   385.3
19560101 19561231   317.1
19570101 19571231   125.4
19580101 19581231   262.9
19590101 19591231   187.7
19600101 19601231   331.7
19610101 19611231   300.8
19620101 19621231   235.9
19630101 19631231   297.0
19640101 19641231   360.6
19650101 19651231   195.4
19660101 19661231   276.9
19670101 19671231   102.8
19680101 19681231   251.2
19690101 19691231   341.1
19700101 19701231   252.8
19710101 19711231   264.2
19720101 19721231   186.4
19730101 19731231   549.1
19740101 19741231   534.8
19750101 19751231   239.0
19760101 19761231   225.6
19770101 19771231   151.0
19780101 19781231   266.0
19790101 19791231   390.2
19800101 19801231   236.0
19810101 19811231   207.2
19820101 19821231   131.0
19830101 19831231   322.7
19840101 19841231   242.8
19850101 19851231   229.2
19860101 19861231   263.4
19870101 19871231   305.6
19880101 19881231   275.4
19890101 19891231   337.9
19900101 19901231   219.6
19910101 19911231   255.9
19920101 19921231   515.8
19930101 19931231   259.6
19940101 19941231   158.4
19950101 19951231   323.7
19960101 19961231   263.7
19970101 19971231   260.8
19980101 19981231   292.1
19990101 19991231   255.2
20000101 20001231   290.9
20010101 20011231   295.3
20020101 20021231   121.0
20030101 20031231   331.9
20040101 20041231   244.4
20050101 20051231   328.1
20060101 20061231 99999.9
20070101 20071231   285.0
20080101 20081231   160.2
20090101 20091231   242.8
20100101 20101231   434.7
20110101 20111231   461.5
20120101 20121231 99999.9
20130101 20131231   201.8
20140101 20141231   317.7
20150101 20151231   214.6
