PRCP       010582 18850101 20171231 missing_value=99999.9 KOJONUP                                   
18850101 18851231   482.6
18860101 18861231   526.2
18870101 18871231   551.4
18880101 18881231   615.1
18890101 18891231   431.5
18900101 18901231   513.9
18910101 18911231   394.1
18920101 18921231   475.6
18930101 18931231   531.8
18940101 18941231   378.9
18950101 18951231   689.6
18960101 18961231   457.4
18970101 18971231   470.9
18980101 18981231   569.0
18990101 18991231   532.0
19000101 19001231   564.7
19010101 19011231   430.3
19020101 19021231   516.8
19030101 19031231   900.9
19040101 19041231   705.6
19050101 19051231   865.1
19060101 19061231   557.7
19070101 19071231   695.2
19080101 19081231   538.4
19090101 19091231   610.6
19100101 19101231   633.8
19110101 19111231   380.5
19120101 19121231   441.9
19130101 19131231   661.5
19140101 19141231   526.9
19150101 19151231   576.7
19160101 19161231   561.0
19170101 19171231   782.6
19180101 19181231   591.6
19190101 19191231   460.1
19200101 19201231   565.2
19210101 19211231   616.3
19220101 19221231   508.7
19230101 19231231   794.8
19240101 19241231   548.4
19250101 19251231   534.4
19260101 19261231   769.0
19270101 19271231   565.2
19280101 19281231   521.8
19290101 19291231   465.4
19300101 19301231   515.8
19310101 19311231   493.4
19320101 19321231   493.5
19330101 19331231   588.5
19340101 19341231   615.5
19350101 19351231   535.9
19360101 19361231   450.3
19370101 19371231   566.2
19380101 19381231   504.8
19390101 19391231   763.5
19400101 19401231   283.3
19410101 19411231   589.4
19420101 19421231   686.9
19430101 19431231   641.5
19440101 19441231   462.7
19450101 19451231   704.2
19460101 19461231   594.8
19470101 19471231   597.9
19480101 19481231   481.1
19490101 19491231   519.2
19500101 19501231   430.2
19510101 19511231   542.1
19520101 19521231   497.7
19530101 19531231   497.5
19540101 19541231   398.8
19550101 19551231   752.5
19560101 19561231   508.8
19570101 19571231   450.5
19580101 19581231   492.6
19590101 19591231   471.6
19600101 19601231   429.7
19610101 19611231   468.8
19620101 19621231   364.8
19630101 19631231   643.3
19640101 19641231   521.2
19650101 19651231   521.2
19660101 19661231   452.1
19670101 19671231   539.0
19680101 19681231   607.9
19690101 19691231   369.5
19700101 19701231   509.6
19710101 19711231   646.7
19720101 19721231   340.4
19730101 19731231   515.9
19740101 19741231   599.7
19750101 19751231   540.9
19760101 19761231   485.5
19770101 19771231   434.7
19780101 19781231   495.7
19790101 19791231   408.4
19800101 19801231   540.3
19810101 19811231   470.1
19820101 19821231   559.7
19830101 19831231   637.2
19840101 19841231   572.4
19850101 19851231   446.3
19860101 19861231   384.8
19870101 19871231   348.1
19880101 19881231   539.5
19890101 19891231   507.1
19900101 19901231   493.9
19910101 19911231   519.8
19920101 19921231   572.3
19930101 19931231   510.0
19940101 19941231   358.8
19950101 19951231   480.1
19960101 19961231 99999.9
19970101 19971231 99999.9
19980101 19981231   538.0
19990101 19991231 99999.9
20000101 20001231   382.4
20010101 20011231   392.5
20020101 20021231   416.6
20030101 20031231   508.4
20040101 20041231   378.0
20050101 20051231   606.2
20060101 20061231   325.7
20070101 20071231   471.5
20080101 20081231   510.6
20090101 20091231   506.4
20100101 20101231   348.0
20110101 20111231   691.2
20120101 20121231   447.8
20130101 20131231   509.3
20140101 20141231   491.1
20150101 20151231   429.6
20160101 20161231   709.6
20170101 20171231   531.2
