PRCP       012029 19010101 20171231 missing_value=99999.9 FRASER RANGE                              
19010101 19011231   184.0
19020101 19021231   408.6
19030101 19031231   270.8
19040101 19041231   332.9
19050101 19051231   256.9
19060101 19061231   236.5
19070101 19071231   281.9
19080101 19081231   267.5
19090101 19091231   289.3
19100101 19101231   328.1
19110101 19111231   137.4
19120101 19121231   283.9
19130101 19131231   217.0
19140101 19141231   309.5
19150101 19151231   436.3
19160101 19161231   213.4
19170101 19171231   495.5
19180101 19181231   317.2
19190101 19191231   415.1
19200101 19201231   273.7
19210101 19211231   323.0
19220101 19221231   285.1
19230101 19231231   234.5
19240101 19241231   205.5
19250101 19251231   353.8
19260101 19261231   174.7
19270101 19271231   319.1
19280101 19281231   205.7
19290101 19291231   199.3
19300101 19301231   254.0
19310101 19311231   346.7
19320101 19321231   258.7
19330101 19331231   224.5
19340101 19341231   219.2
19350101 19351231   218.9
19360101 19361231   223.3
19370101 19371231   358.7
19380101 19381231   267.5
19390101 19391231   346.4
19400101 19401231   203.8
19410101 19411231   288.6
19420101 19421231   492.9
19430101 19431231   415.4
19440101 19441231   164.8
19450101 19451231   174.9
19460101 19461231   227.9
19470101 19471231   297.8
19480101 19481231   351.0
19490101 19491231   244.0
19500101 19501231   205.4
19510101 19511231   355.2
19520101 19521231   364.0
19530101 19531231   283.2
19540101 19541231   213.6
19550101 19551231   497.5
19560101 19561231   234.8
19570101 19571231   176.4
19580101 19581231   323.3
19590101 19591231   284.8
19600101 19601231   485.5
19610101 19611231   274.0
19620101 19621231   275.9
19630101 19631231   647.7
19640101 19641231   389.4
19650101 19651231   322.4
19660101 19661231   325.5
19670101 19671231   452.2
19680101 19681231   408.3
19690101 19691231   234.0
19700101 19701231   255.8
19710101 19711231   236.1
19720101 19721231   194.6
19730101 19731231   342.4
19740101 19741231   383.1
19750101 19751231   459.4
19760101 19761231   226.0
19770101 19771231   182.0
19780101 19781231   256.8
19790101 19791231   298.6
19800101 19801231   245.2
19810101 19811231   276.7
19820101 19821231   372.0
19830101 19831231   366.3
19840101 19841231   402.4
19850101 19851231   296.5
19860101 19861231   495.8
19870101 19871231   325.8
19880101 19881231   390.8
19890101 19891231   309.4
19900101 19901231 99999.9
19910101 19911231   289.3
19920101 19921231   603.1
19930101 19931231   467.7
19940101 19941231 99999.9
19950101 19951231   483.7
19960101 19961231   323.2
19970101 19971231   333.4
19980101 19981231 99999.9
19990101 19991231   398.0
20000101 20001231   519.4
20010101 20011231   448.4
20020101 20021231 99999.9
20030101 20031231   379.2
20040101 20041231   324.7
20050101 20051231   259.5
20060101 20061231   361.9
20070101 20071231 99999.9
20080101 20081231   326.8
20090101 20091231 99999.9
20100101 20101231   281.9
20110101 20111231   253.5
20120101 20121231 99999.9
20130101 20131231   497.0
20140101 20141231 99999.9
20150101 20151231   382.2
20160101 20161231   349.1
20170101 20171231   334.7
