PRCP       014042 19110101 20121231 missing_value=99999.9 OENPELLI                                  
19110101 19111231  1604.4
19120101 19121231  1399.0
19130101 19131231  1721.8
19140101 19141231  1228.0
19150101 19151231  1407.5
19160101 19161231  1481.9
19170101 19171231  1784.1
19180101 19181231  1222.9
19190101 19191231  1688.2
19200101 19201231  1239.0
19210101 19211231  1588.2
19220101 19221231  1383.6
19230101 19231231  1510.2
19240101 19241231   995.3
19250101 19251231  1130.0
19260101 19261231  1164.2
19270101 19271231  1441.4
19280101 19281231   950.5
19290101 19291231  1281.4
19300101 19301231  1749.2
19310101 19311231  1295.5
19320101 19321231  1504.5
19330101 19331231  1286.3
19340101 19341231  1376.4
19350101 19351231  1072.8
19360101 19361231  1152.2
19370101 19371231  1091.9
19380101 19381231  1372.5
19390101 19391231  1058.1
19400101 19401231  1523.5
19410101 19411231  1215.7
19420101 19421231  1059.0
19430101 19431231  1568.1
19440101 19441231  1254.4
19450101 19451231  1251.4
19460101 19461231  1014.8
19470101 19471231  1217.8
19480101 19481231  1419.4
19490101 19491231  1295.2
19500101 19501231  1661.5
19510101 19511231   775.9
19520101 19521231   889.8
19530101 19531231  1097.9
19540101 19541231  1342.0
19550101 19551231  1240.0
19560101 19561231  1832.5
19570101 19571231  1707.6
19580101 19581231  1239.5
19590101 19591231  1483.9
19600101 19601231  1374.2
19610101 19611231   893.3
19620101 19621231  1625.1
19630101 19631231  1104.0
19640101 19641231  1889.8
19650101 19651231  1759.7
19660101 19661231  1007.6
19670101 19671231  1097.2
19680101 19681231  1677.0
19690101 19691231  1928.4
19700101 19701231   967.0
19710101 19711231  1672.2
19720101 19721231  1262.4
19730101 19731231  1612.9
19740101 19741231  1633.0
19750101 19751231  1831.1
19760101 19761231  1890.5
19770101 19771231  1615.1
19780101 19781231  1345.9
19790101 19791231  1240.2
19800101 19801231  1680.7
19810101 19811231  2203.9
19820101 19821231  1090.0
19830101 19831231  1325.4
19840101 19841231  1959.4
19850101 19851231  1611.6
19860101 19861231  1304.0
19870101 19871231  1220.9
19880101 19881231  1252.2
19890101 19891231 99999.9
19900101 19901231  1102.3
19910101 19911231  1679.1
19920101 19921231  1179.3
19930101 19931231  1411.3
19940101 19941231  1137.6
19950101 19951231  2022.2
19960101 19961231  1313.1
19970101 19971231  1487.3
19980101 19981231  1739.5
19990101 19991231  1552.8
20000101 20001231  1773.5
20010101 20011231  1850.3
20020101 20021231 99999.9
20030101 20031231  1789.9
20040101 20041231  1684.4
20050101 20051231  1328.9
20060101 20061231  1571.3
20070101 20071231  2003.9
20080101 20081231  1342.1
20090101 20091231 99999.9
20100101 20101231 99999.9
20110101 20111231  2271.5
20120101 20121231  1371.2
