PRCP       016083 18920101 20121231 missing_value=99999.9 HAMILTON STATION                          
18920101 18921231    67.3
18930101 18931231   108.0
18940101 18941231   135.9
18950101 18951231   180.8
18960101 18961231    98.8
18970101 18971231   131.8
18980101 18981231   161.0
18990101 18991231   150.7
19000101 19001231    41.7
19010101 19011231   134.0
19020101 19021231    70.8
19030101 19031231   148.7
19040101 19041231   241.9
19050101 19051231    94.5
19060101 19061231    84.2
19070101 19071231   175.9
19080101 19081231   232.6
19090101 19091231    78.7
19100101 19101231   219.9
19110101 19111231    95.0
19120101 19121231    58.4
19130101 19131231   166.1
19140101 19141231   118.3
19150101 19151231    48.8
19160101 19161231   235.6
19170101 19171231   135.8
19180101 19181231    50.2
19190101 19191231    31.4
19200101 19201231   303.4
19210101 19211231   206.5
19220101 19221231   147.6
19230101 19231231   146.3
19240101 19241231   134.5
19250101 19251231    72.3
19260101 19261231    88.9
19270101 19271231   127.4
19280101 19281231    73.2
19290101 19291231    67.6
19300101 19301231   160.5
19310101 19311231    70.5
19320101 19321231    77.3
19330101 19331231   110.8
19340101 19341231    56.7
19350101 19351231   162.1
19360101 19361231   146.8
19370101 19371231   114.6
19380101 19381231   134.4
19390101 19391231   419.3
19400101 19401231    53.1
19410101 19411231   135.4
19420101 19421231   242.8
19430101 19431231   210.9
19440101 19441231    67.6
19450101 19451231   248.2
19460101 19461231   329.7
19470101 19471231   158.2
19480101 19481231   148.1
19490101 19491231    52.8
19500101 19501231   370.1
19510101 19511231    89.1
19520101 19521231   244.6
19530101 19531231   248.4
19540101 19541231   113.3
19550101 19551231   291.2
19560101 19561231   133.9
19570101 19571231    66.1
19580101 19581231    59.4
19590101 19591231    40.4
19600101 19601231   123.0
19610101 19611231    69.0
19620101 19621231    88.7
19630101 19631231    80.6
19640101 19641231    59.5
19650101 19651231    82.7
19660101 19661231   159.8
19670101 19671231   175.3
19680101 19681231   208.8
19690101 19691231   111.7
19700101 19701231    27.0
19710101 19711231   105.1
19720101 19721231   122.3
19730101 19731231   247.8
19740101 19741231   395.0
19750101 19751231   379.3
19760101 19761231   522.4
19770101 19771231   244.0
19780101 19781231   262.4
19790101 19791231   466.0
19800101 19801231   141.4
19810101 19811231   279.6
19820101 19821231    88.0
19830101 19831231   111.0
19840101 19841231   334.6
19850101 19851231   127.3
19860101 19861231   110.8
19870101 19871231   164.6
19880101 19881231 99999.9
19890101 19891231 99999.9
19900101 19901231    56.0
19910101 19911231   118.8
19920101 19921231   233.0
19930101 19931231   156.8
19940101 19941231    20.0
19950101 19951231   173.1
19960101 19961231   113.5
19970101 19971231 99999.9
19980101 19981231   252.6
19990101 19991231   182.0
20000101 20001231   380.2
20010101 20011231   371.1
20020101 20021231   115.0
20030101 20031231   234.3
20040101 20041231   133.8
20050101 20051231   113.6
20060101 20061231    45.6
20070101 20071231    88.4
20080101 20081231   129.0
20090101 20091231   167.7
20100101 20101231   301.5
20110101 20111231 99999.9
20120101 20121231   149.9
