PRCP       010611 19320101 20171231 missing_value=99999.9 TRURO                                     
19320101 19321231   435.8
19330101 19331231   323.7
19340101 19341231   392.0
19350101 19351231   296.2
19360101 19361231   277.6
19370101 19371231   402.2
19380101 19381231   346.3
19390101 19391231   436.4
19400101 19401231   262.9
19410101 19411231   352.8
19420101 19421231   406.2
19430101 19431231   427.2
19440101 19441231   253.4
19450101 19451231   343.1
19460101 19461231   323.8
19470101 19471231   343.7
19480101 19481231   278.8
19490101 19491231   298.8
19500101 19501231   261.1
19510101 19511231   469.2
19520101 19521231   315.0
19530101 19531231   388.4
19540101 19541231   227.9
19550101 19551231   464.5
19560101 19561231   264.9
19570101 19571231   236.8
19580101 19581231   400.2
19590101 19591231   389.1
19600101 19601231   413.1
19610101 19611231   385.0
19620101 19621231   278.1
19630101 19631231   460.4
19640101 19641231   457.0
19650101 19651231   372.4
19660101 19661231   444.4
19670101 19671231   292.6
19680101 19681231   447.0
19690101 19691231   253.8
19700101 19701231   320.9
19710101 19711231   358.1
19720101 19721231   192.3
19730101 19731231   327.2
19740101 19741231   503.6
19750101 19751231   351.4
19760101 19761231   342.0
19770101 19771231   305.4
19780101 19781231   406.4
19790101 19791231   291.8
19800101 19801231   316.6
19810101 19811231   314.6
19820101 19821231   405.0
19830101 19831231   378.0
19840101 19841231   305.0
19850101 19851231   246.4
19860101 19861231   352.8
19870101 19871231   334.6
19880101 19881231   321.4
19890101 19891231   340.8
19900101 19901231   418.2
19910101 19911231   294.5
19920101 19921231   530.0
19930101 19931231   423.7
19940101 19941231   215.6
19950101 19951231   359.4
19960101 19961231   313.0
19970101 19971231   414.6
19980101 19981231 99999.9
19990101 19991231   499.0
20000101 20001231   443.2
20010101 20011231   505.4
20020101 20021231   217.4
20030101 20031231   430.8
20040101 20041231   288.4
20050101 20051231   323.2
20060101 20061231   371.8
20070101 20071231   285.2
20080101 20081231   415.8
20090101 20091231   279.6
20100101 20101231   210.2
20110101 20111231   447.0
20120101 20121231 99999.9
20130101 20131231   351.2
20140101 20141231 99999.9
20150101 20151231   378.8
20160101 20161231 99999.9
20170101 20171231   527.0
