PRCP       013006 19200101 20171231 missing_value=99999.9 MILLROSE                                  
19200101 19201231   143.9
19210101 19211231   296.8
19220101 19221231   221.6
19230101 19231231   181.2
19240101 19241231   146.6
19250101 19251231   350.0
19260101 19261231   148.9
19270101 19271231   270.3
19280101 19281231   120.2
19290101 19291231   256.7
19300101 19301231   298.1
19310101 19311231   393.6
19320101 19321231   146.0
19330101 19331231   140.8
19340101 19341231   336.1
19350101 19351231   143.4
19360101 19361231    53.9
19370101 19371231   176.9
19380101 19381231   119.8
19390101 19391231   145.1
19400101 19401231    51.4
19410101 19411231   311.3
19420101 19421231   567.1
19430101 19431231   104.6
19440101 19441231    84.4
19450101 19451231   179.4
19460101 19461231   233.7
19470101 19471231   463.2
19480101 19481231   209.9
19490101 19491231   229.9
19500101 19501231   116.8
19510101 19511231   146.1
19520101 19521231   210.8
19530101 19531231   173.8
19540101 19541231   170.0
19550101 19551231   458.9
19560101 19561231    96.6
19570101 19571231    70.7
19580101 19581231   425.2
19590101 19591231    88.6
19600101 19601231   351.1
19610101 19611231   142.8
19620101 19621231    94.4
19630101 19631231   214.8
19640101 19641231   123.2
19650101 19651231   370.3
19660101 19661231   234.4
19670101 19671231   222.9
19680101 19681231   281.9
19690101 19691231   119.0
19700101 19701231   171.2
19710101 19711231   116.0
19720101 19721231   214.3
19730101 19731231   627.0
19740101 19741231   272.6
19750101 19751231   317.4
19760101 19761231    55.1
19770101 19771231   139.5
19780101 19781231   218.0
19790101 19791231   162.4
19800101 19801231   414.1
19810101 19811231   146.4
19820101 19821231   215.6
19830101 19831231   264.0
19840101 19841231   205.3
19850101 19851231   193.1
19860101 19861231   152.0
19870101 19871231   350.0
19880101 19881231   200.0
19890101 19891231   156.3
19900101 19901231   177.0
19910101 19911231    88.2
19920101 19921231   425.0
19930101 19931231 99999.9
19940101 19941231    89.4
19950101 19951231   582.1
19960101 19961231   379.8
19970101 19971231   387.4
19980101 19981231   232.6
19990101 19991231   328.0
20000101 20001231   540.4
20010101 20011231   290.2
20020101 20021231   271.6
20030101 20031231   328.6
20040101 20041231   389.4
20050101 20051231    78.2
20060101 20061231   515.5
20070101 20071231   268.7
20080101 20081231 99999.9
20090101 20091231   122.6
20100101 20101231   103.6
20110101 20111231   398.2
20120101 20121231   253.8
20130101 20131231   229.9
20140101 20141231   349.9
20150101 20151231   246.7
20160101 20161231   211.4
20170101 20171231   445.1
