PRCP       031055 19080101 20171231 missing_value=99999.9 SOUTH MOSSMAN ALCHERA DVE                 
19080101 19081231  1975.1
19090101 19091231  3040.7
19100101 19101231  3182.6
19110101 19111231  4146.6
19120101 19121231  1837.7
19130101 19131231  2721.4
19140101 19141231  3007.5
19150101 19151231   898.1
19160101 19161231  2210.1
19170101 19171231  2315.4
19180101 19181231  1727.3
19190101 19191231  1447.8
19200101 19201231  2688.4
19210101 19211231  2743.6
19220101 19221231  1754.1
19230101 19231231  1381.0
19240101 19241231  1962.2
19250101 19251231  2119.1
19260101 19261231  1281.6
19270101 19271231  1915.1
19280101 19281231  1993.9
19290101 19291231  2215.6
19300101 19301231  2926.5
19310101 19311231  1856.3
19320101 19321231  1992.6
19330101 19331231  2357.6
19340101 19341231  2522.6
19350101 19351231  1976.9
19360101 19361231  2288.6
19370101 19371231  1552.4
19380101 19381231  1277.0
19390101 19391231  3107.7
19400101 19401231  2493.9
19410101 19411231  2512.4
19420101 19421231  1561.6
19430101 19431231  1863.7
19440101 19441231  2295.1
19450101 19451231  2907.4
19460101 19461231  1427.7
19470101 19471231  1687.0
19480101 19481231  1883.0
19490101 19491231  2602.9
19500101 19501231  3813.6
19510101 19511231  1440.4
19520101 19521231  1742.7
19530101 19531231  2859.0
19540101 19541231  2051.4
19550101 19551231  2179.0
19560101 19561231  2487.8
19570101 19571231  2563.0
19580101 19581231  1732.6
19590101 19591231  2712.2
19600101 19601231  1801.4
19610101 19611231  1327.5
19620101 19621231  1552.7
19630101 19631231  2686.1
19640101 19641231  2988.2
19650101 19651231  1753.5
19660101 19661231  1468.4
19670101 19671231  2018.5
19680101 19681231  2411.7
19690101 19691231  2195.4
19700101 19701231  2070.4
19710101 19711231  2281.9
19720101 19721231  2501.0
19730101 19731231  3370.7
19740101 19741231  2719.0
19750101 19751231  2426.4
19760101 19761231  2287.4
19770101 19771231  2256.6
19780101 19781231  1761.3
19790101 19791231  3703.4
19800101 19801231  1722.4
19810101 19811231  3395.5
19820101 19821231  2130.2
19830101 19831231  1741.7
19840101 19841231  1873.2
19850101 19851231  2541.1
19860101 19861231  1739.4
19870101 19871231  2192.3
19880101 19881231  1693.4
19890101 19891231  2336.3
19900101 19901231  1607.2
19910101 19911231  2161.4
19920101 19921231  1901.2
19930101 19931231  2080.6
19940101 19941231  1763.4
19950101 19951231  2466.3
19960101 19961231  3156.4
19970101 19971231  2235.1
19980101 19981231  2563.6
19990101 19991231  2649.4
20000101 20001231  3458.0
20010101 20011231  2106.1
20020101 20021231  1146.4
20030101 20031231  1764.9
20040101 20041231  2765.4
20050101 20051231  1750.0
20060101 20061231  3436.6
20070101 20071231  2391.0
20080101 20081231 99999.9
20090101 20091231  2468.4
20100101 20101231  3462.4
20110101 20111231 99999.9
20120101 20121231 99999.9
20130101 20131231 99999.9
20140101 20141231 99999.9
20150101 20151231 99999.9
20160101 20161231  1958.2
20170101 20171231  2251.8
