PRCP       094061 18880101 20161231 missing_value=99999.9 SANDFORD (MAYDENA)                        
18880101 18881231   350.3
18890101 18891231   757.0
18900101 18901231   720.9
18910101 18911231   672.2
18920101 18921231   439.6
18930101 18931231   846.7
18940101 18941231   530.2
18950101 18951231   480.4
18960101 18961231   483.8
18970101 18971231   524.2
18980101 18981231   530.1
18990101 18991231   540.1
19000101 19001231   494.3
19010101 19011231   740.7
19020101 19021231   618.4
19030101 19031231   671.1
19040101 19041231   632.6
19050101 19051231   803.9
19060101 19061231   456.8
19070101 19071231   663.4
19080101 19081231   394.6
19090101 19091231   731.5
19100101 19101231   518.2
19110101 19111231   592.6
19120101 19121231   571.6
19130101 19131231   493.1
19140101 19141231   326.2
19150101 19151231   435.8
19160101 19161231   881.8
19170101 19171231   702.4
19180101 19181231   543.4
19190101 19191231   435.5
19200101 19201231   469.2
19210101 19211231   405.6
19220101 19221231   635.0
19230101 19231231   712.3
19240101 19241231   665.1
19250101 19251231   474.5
19260101 19261231   567.9
19270101 19271231   402.5
19280101 19281231   545.9
19290101 19291231   599.7
19300101 19301231   463.8
19310101 19311231   624.3
19320101 19321231   750.8
19330101 19331231   507.8
19340101 19341231   635.1
19350101 19351231   923.4
19360101 19361231   503.5
19370101 19371231   488.1
19380101 19381231   681.1
19390101 19391231   694.6
19400101 19401231   367.5
19410101 19411231   619.1
19420101 19421231   464.4
19430101 19431231   527.1
19440101 19441231   612.6
19450101 19451231   400.2
19460101 19461231   795.9
19470101 19471231   842.7
19480101 19481231   551.2
19490101 19491231   516.1
19500101 19501231   557.4
19510101 19511231   578.2
19520101 19521231   694.7
19530101 19531231   784.4
19540101 19541231   546.9
19550101 19551231   512.1
19560101 19561231   830.5
19570101 19571231   534.6
19580101 19581231   804.1
19590101 19591231   446.7
19600101 19601231   614.3
19610101 19611231   457.3
19620101 19621231   576.9
19630101 19631231   350.8
19640101 19641231   694.7
19650101 19651231   496.7
19660101 19661231   629.1
19670101 19671231   487.7
19680101 19681231   480.4
19690101 19691231   724.3
19700101 19701231   800.3
19710101 19711231   687.0
19720101 19721231   419.3
19730101 19731231   672.6
19740101 19741231   721.3
19750101 19751231   763.6
19760101 19761231   747.4
19770101 19771231   552.2
19780101 19781231   619.2
19790101 19791231   384.4
19800101 19801231   435.4
19810101 19811231   530.6
19820101 19821231   393.2
19830101 19831231   509.8
19840101 19841231   574.8
19850101 19851231   672.2
19860101 19861231   621.2
19870101 19871231   477.2
19880101 19881231   484.0
19890101 19891231   481.6
19900101 19901231   478.4
19910101 19911231   509.6
19920101 19921231   455.2
19930101 19931231   540.6
19940101 19941231   368.0
19950101 19951231   613.0
19960101 19961231   646.7
19970101 19971231 99999.9
19980101 19981231 99999.9
19990101 19991231   463.8
20000101 20001231   446.2
20010101 20011231 99999.9
20020101 20021231 99999.9
20030101 20031231   541.2
20040101 20041231   488.8
20050101 20051231   590.4
20060101 20061231   314.0
20070101 20071231   470.6
20080101 20081231   369.2
20090101 20091231 99999.9
20100101 20101231   442.0
20110101 20111231   586.6
20120101 20121231   488.8
20130101 20131231   546.6
20140101 20141231   459.2
20150101 20151231 99999.9
20160101 20161231   560.6
