PRCP       019032 18680101 20171231 missing_value=99999.9 ORROROO                                   
18680101 18681231   297.1
18690101 18691231   285.8
18700101 18701231   638.6
18710101 18711231   379.7
18720101 18721231   541.1
18730101 18731231   372.8
18740101 18741231   332.3
18750101 18751231   432.6
18760101 18761231 99999.9
18770101 18771231 99999.9
18780101 18781231 99999.9
18790101 18791231 99999.9
18800101 18801231 99999.9
18810101 18811231   228.0
18820101 18821231   342.8
18830101 18831231   346.5
18840101 18841231   376.4
18850101 18851231   246.2
18860101 18861231   355.1
18870101 18871231   427.3
18880101 18881231   188.4
18890101 18891231   577.0
18900101 18901231   538.4
18910101 18911231   359.0
18920101 18921231   417.0
18930101 18931231   331.1
18940101 18941231   410.8
18950101 18951231   277.6
18960101 18961231   225.3
18970101 18971231   186.8
18980101 18981231   234.7
18990101 18991231   247.6
19000101 19001231   250.4
19010101 19011231   243.3
19020101 19021231   174.9
19030101 19031231   377.3
19040101 19041231   276.8
19050101 19051231   256.3
19060101 19061231   355.4
19070101 19071231   331.4
19080101 19081231   404.5
19090101 19091231   354.2
19100101 19101231   479.6
19110101 19111231   217.6
19120101 19121231   333.8
19130101 19131231   218.2
19140101 19141231   228.2
19150101 19151231   313.6
19160101 19161231   451.2
19170101 19171231   562.3
19180101 19181231   276.0
19190101 19191231   327.7
19200101 19201231   534.3
19210101 19211231   570.1
19220101 19221231   321.6
19230101 19231231   343.5
19240101 19241231   262.5
19250101 19251231   211.4
19260101 19261231   311.3
19270101 19271231   204.0
19280101 19281231   236.5
19290101 19291231   221.0
19300101 19301231   275.3
19310101 19311231   304.3
19320101 19321231   358.4
19330101 19331231   285.5
19340101 19341231   348.0
19350101 19351231   208.3
19360101 19361231   294.5
19370101 19371231   452.0
19380101 19381231   345.9
19390101 19391231   425.0
19400101 19401231   139.8
19410101 19411231   332.8
19420101 19421231   346.4
19430101 19431231   259.7
19440101 19441231   192.0
19450101 19451231   268.3
19460101 19461231   483.1
19470101 19471231   391.2
19480101 19481231   325.4
19490101 19491231   343.9
19500101 19501231   422.8
19510101 19511231   398.8
19520101 19521231   455.8
19530101 19531231   345.7
19540101 19541231   300.4
19550101 19551231   461.4
19560101 19561231   383.4
19570101 19571231   240.7
19580101 19581231   427.4
19590101 19591231   189.8
19600101 19601231   467.7
19610101 19611231   309.6
19620101 19621231   328.1
19630101 19631231   324.3
19640101 19641231   356.6
19650101 19651231   258.8
19660101 19661231   392.6
19670101 19671231   151.6
19680101 19681231   559.6
19690101 19691231   370.3
19700101 19701231   329.2
19710101 19711231   346.5
19720101 19721231   280.1
19730101 19731231   590.2
19740101 19741231   568.8
19750101 19751231   384.6
19760101 19761231   259.6
19770101 19771231   334.3
19780101 19781231   378.0
19790101 19791231   452.2
19800101 19801231   341.4
19810101 19811231   401.6
19820101 19821231   130.1
19830101 19831231   288.4
19840101 19841231   305.0
19850101 19851231   405.6
19860101 19861231   341.2
19870101 19871231   381.0
19880101 19881231   295.2
19890101 19891231   490.4
19900101 19901231   413.0
19910101 19911231   296.8
19920101 19921231   621.6
19930101 19931231   367.0
19940101 19941231   217.0
19950101 19951231   431.8
19960101 19961231   320.4
19970101 19971231   406.2
19980101 19981231   331.8
19990101 19991231   252.6
20000101 20001231   373.0
20010101 20011231   334.2
20020101 20021231   173.8
20030101 20031231 99999.9
20040101 20041231   275.6
20050101 20051231   325.8
20060101 20061231   227.2
20070101 20071231   370.5
20080101 20081231   285.8
20090101 20091231 99999.9
20100101 20101231   376.7
20110101 20111231   401.0
20120101 20121231 99999.9
20130101 20131231   337.4
20140101 20141231 99999.9
20150101 20151231   391.8
20160101 20161231   486.8
20170101 20171231   281.7
