PRCP       091011 18970101 20121231 missing_value=99999.9 CAPE GRIM (WOOLNORTH)                     
18970101 18971231   763.1
18980101 18981231   946.2
18990101 18991231  1015.9
19000101 19001231   986.9
19010101 19011231   804.4
19020101 19021231   688.8
19030101 19031231   974.2
19040101 19041231   919.4
19050101 19051231   984.3
19060101 19061231  1073.3
19070101 19071231  1062.7
19080101 19081231   684.9
19090101 19091231   921.7
19100101 19101231  1080.4
19110101 19111231   774.7
19120101 19121231   792.7
19130101 19131231   731.0
19140101 19141231   617.1
19150101 19151231   841.6
19160101 19161231   908.6
19170101 19171231  1039.4
19180101 19181231   857.5
19190101 19191231   784.3
19200101 19201231   977.8
19210101 19211231   905.0
19220101 19221231   960.5
19230101 19231231  1207.7
19240101 19241231  1126.7
19250101 19251231   711.2
19260101 19261231   972.0
19270101 19271231   763.3
19280101 19281231  1050.2
19290101 19291231  1135.1
19300101 19301231   864.5
19310101 19311231  1092.8
19320101 19321231  1082.6
19330101 19331231   948.1
19340101 19341231   836.8
19350101 19351231   936.7
19360101 19361231   961.0
19370101 19371231   906.6
19380101 19381231   970.6
19390101 19391231  1129.0
19400101 19401231   677.3
19410101 19411231   758.7
19420101 19421231  1129.7
19430101 19431231   908.0
19440101 19441231   907.2
19450101 19451231   934.7
19460101 19461231  1094.9
19470101 19471231  1280.1
19480101 19481231  1037.0
19490101 19491231   782.8
19500101 19501231   809.9
19510101 19511231  1081.7
19520101 19521231  1185.8
19530101 19531231  1025.7
19540101 19541231  1081.4
19550101 19551231  1016.1
19560101 19561231  1210.4
19570101 19571231   961.8
19580101 19581231  1058.6
19590101 19591231   697.5
19600101 19601231  1009.7
19610101 19611231   744.9
19620101 19621231   829.2
19630101 19631231   809.5
19640101 19641231  1296.6
19650101 19651231   804.0
19660101 19661231   985.3
19670101 19671231   664.4
19680101 19681231  1238.0
19690101 19691231   976.9
19700101 19701231   966.4
19710101 19711231  1181.1
19720101 19721231   788.2
19730101 19731231  1086.7
19740101 19741231   989.0
19750101 19751231  1295.6
19760101 19761231   944.8
19770101 19771231  1037.9
19780101 19781231   938.1
19790101 19791231  1164.5
19800101 19801231   876.5
19810101 19811231   924.8
19820101 19821231   693.4
19830101 19831231   786.2
19840101 19841231   907.3
19850101 19851231   903.7
19860101 19861231   892.3
19870101 19871231   841.3
19880101 19881231  1068.7
19890101 19891231   981.8
19900101 19901231  1014.7
19910101 19911231  1040.9
19920101 19921231  1144.6
19930101 19931231   904.0
19940101 19941231   794.0
19950101 19951231   860.0
19960101 19961231  1085.4
19970101 19971231   798.5
19980101 19981231   852.2
19990101 19991231   872.7
20000101 20001231   887.7
20010101 20011231   923.4
20020101 20021231   838.2
20030101 20031231   921.3
20040101 20041231   803.2
20050101 20051231   940.9
20060101 20061231   659.5
20070101 20071231   927.9
20080101 20081231 99999.9
20090101 20091231  1029.2
20100101 20101231   881.4
20110101 20111231 99999.9
20120101 20121231   977.3
