PRCP       006045 19010101 20171231 missing_value=99999.9 TAMALA                                    
19010101 19011231   255.6
19020101 19021231   227.1
19030101 19031231   344.7
19040101 19041231   332.8
19050101 19051231   373.3
19060101 19061231   168.4
19070101 19071231   440.5
19080101 19081231   314.5
19090101 19091231   358.2
19100101 19101231   348.9
19110101 19111231   159.5
19120101 19121231   258.1
19130101 19131231   168.1
19140101 19141231   148.1
19150101 19151231   458.7
19160101 19161231   271.7
19170101 19171231   489.1
19180101 19181231   352.1
19190101 19191231   361.0
19200101 19201231   423.9
19210101 19211231   482.5
19220101 19221231   153.9
19230101 19231231   451.0
19240101 19241231   215.9
19250101 19251231   252.0
19260101 19261231   285.2
19270101 19271231   331.8
19280101 19281231   276.7
19290101 19291231   323.9
19300101 19301231   350.4
19310101 19311231   255.8
19320101 19321231   429.4
19330101 19331231   325.9
19340101 19341231   418.6
19350101 19351231   261.1
19360101 19361231   176.9
19370101 19371231   217.5
19380101 19381231   122.2
19390101 19391231   356.0
19400101 19401231   287.2
19410101 19411231   267.1
19420101 19421231   213.0
19430101 19431231   214.2
19440101 19441231   239.4
19450101 19451231   319.1
19460101 19461231   305.5
19470101 19471231   341.0
19480101 19481231   187.8
19490101 19491231   431.8
19500101 19501231   200.9
19510101 19511231   219.3
19520101 19521231   223.5
19530101 19531231   455.3
19540101 19541231   172.4
19550101 19551231   213.8
19560101 19561231   286.2
19570101 19571231   189.0
19580101 19581231   380.5
19590101 19591231   195.0
19600101 19601231   200.3
19610101 19611231   246.2
19620101 19621231   213.9
19630101 19631231   382.4
19640101 19641231   316.2
19650101 19651231   424.8
19660101 19661231   218.7
19670101 19671231   253.5
19680101 19681231   481.3
19690101 19691231   193.0
19700101 19701231   312.2
19710101 19711231   371.4
19720101 19721231   438.2
19730101 19731231   384.5
19740101 19741231   435.3
19750101 19751231   350.0
19760101 19761231   163.3
19770101 19771231   239.4
19780101 19781231   385.3
19790101 19791231   306.9
19800101 19801231   282.7
19810101 19811231   256.9
19820101 19821231   204.5
19830101 19831231   314.1
19840101 19841231   381.5
19850101 19851231   234.6
19860101 19861231   419.0
19870101 19871231   191.5
19880101 19881231   395.0
19890101 19891231   246.0
19900101 19901231   306.4
19910101 19911231   367.2
19920101 19921231   238.7
19930101 19931231   233.2
19940101 19941231   184.5
19950101 19951231   223.6
19960101 19961231   431.2
19970101 19971231   313.7
19980101 19981231   372.6
19990101 19991231   327.6
20000101 20001231   324.1
20010101 20011231   242.7
20020101 20021231   209.8
20030101 20031231   220.8
20040101 20041231   213.6
20050101 20051231   383.3
20060101 20061231   129.6
20070101 20071231   159.7
20080101 20081231   465.3
20090101 20091231   255.6
20100101 20101231   300.8
20110101 20111231   355.5
20120101 20121231 99999.9
20130101 20131231 99999.9
20140101 20141231   203.4
20150101 20151231   390.2
20160101 20161231   202.9
20170101 20171231   216.9
