PRCP       097091 19070101 20161231 missing_value=99999.9 SOUTH QUEENSTOWN                          
19070101 19071231  2669.0
19080101 19081231  2421.1
19090101 19091231  2522.5
19100101 19101231  2619.4
19110101 19111231  2414.8
19120101 19121231  2379.4
19130101 19131231  2747.3
19140101 19141231  2208.6
19150101 19151231  3123.1
19160101 19161231  2436.2
19170101 19171231  2686.7
19180101 19181231  2289.1
19190101 19191231  2137.1
19200101 19201231  2349.1
19210101 19211231  2530.1
19220101 19221231  2272.4
19230101 19231231  3116.1
19240101 19241231  3038.8
19250101 19251231  2317.3
19260101 19261231  2637.7
19270101 19271231  2300.0
19280101 19281231  2841.4
19290101 19291231  2661.0
19300101 19301231  2263.3
19310101 19311231  2940.6
19320101 19321231  2335.6
19330101 19331231  2434.3
19340101 19341231  1826.9
19350101 19351231  2633.5
19360101 19361231  2448.7
19370101 19371231  2328.8
19380101 19381231  2447.9
19390101 19391231  2711.2
19400101 19401231  2478.9
19410101 19411231  2539.7
19420101 19421231  2442.0
19430101 19431231  2392.6
19440101 19441231  2741.2
19450101 19451231  2869.2
19460101 19461231  2968.3
19470101 19471231  2967.9
19480101 19481231  3292.9
19490101 19491231  2254.4
19500101 19501231  1752.3
19510101 19511231  2373.7
19520101 19521231  2828.2
19530101 19531231  2951.1
19540101 19541231  2348.4
19550101 19551231  2414.5
19560101 19561231  2828.5
19570101 19571231  2513.7
19580101 19581231  2825.8
19590101 19591231  2154.1
19600101 19601231  2277.2
19610101 19611231  1939.9
19620101 19621231  2634.4
19630101 19631231  1760.6
19640101 19641231  2948.7
19650101 19651231  2467.0
19660101 19661231  2141.2
19670101 19671231  1910.8
19680101 19681231  3260.1
19690101 19691231  2529.5
19700101 19701231  2771.8
19710101 19711231  2678.5
19720101 19721231  2281.8
19730101 19731231  2828.0
19740101 19741231  2398.9
19750101 19751231  2782.5
19760101 19761231  2486.4
19770101 19771231  2575.3
19780101 19781231  2266.5
19790101 19791231  2644.6
19800101 19801231  2800.2
19810101 19811231  2422.0
19820101 19821231  2263.0
19830101 19831231  2163.4
19840101 19841231  2734.8
19850101 19851231  2040.2
19860101 19861231  2800.8
19870101 19871231  2652.8
19880101 19881231  2383.6
19890101 19891231  2013.8
19900101 19901231  2649.4
19910101 19911231  2701.8
19920101 19921231  2421.6
19930101 19931231  2468.8
19940101 19941231  2867.4
19950101 19951231  2551.9
19960101 19961231  3304.3
19970101 19971231  2513.6
19980101 19981231  2425.8
19990101 19991231  2289.6
20000101 20001231  2480.7
20010101 20011231  2268.8
20020101 20021231  2851.2
20030101 20031231  2411.6
20040101 20041231  2677.9
20050101 20051231  2720.8
20060101 20061231 99999.9
20070101 20071231  2282.6
20080101 20081231  2136.0
20090101 20091231  2747.0
20100101 20101231 99999.9
20110101 20111231  2357.4
20120101 20121231  2534.2
20130101 20131231  2726.0
20140101 20141231 99999.9
20150101 20151231  2171.4
20160101 20161231  3274.4
