PRCP       080004 18880101 20171231 missing_value=99999.9 CANARY ISLAND                             
18880101 18881231   288.3
18890101 18891231   589.8
18900101 18901231   491.2
18910101 18911231   432.8
18920101 18921231   398.9
18930101 18931231   350.8
18940101 18941231   425.4
18950101 18951231   225.5
18960101 18961231   285.6
18970101 18971231   246.4
18980101 18981231   260.2
18990101 18991231   278.4
19000101 19001231   288.8
19010101 19011231   216.4
19020101 19021231   161.0
19030101 19031231   435.1
19040101 19041231   274.1
19050101 19051231   304.2
19060101 19061231   442.0
19070101 19071231   261.5
19080101 19081231   255.6
19090101 19091231   427.0
19100101 19101231   393.7
19110101 19111231   384.1
19120101 19121231   338.2
19130101 19131231   353.3
19140101 19141231   137.3
19150101 19151231   301.1
19160101 19161231   483.3
19170101 19171231   506.4
19180101 19181231   370.1
19190101 19191231   365.7
19200101 19201231   381.9
19210101 19211231   467.2
19220101 19221231   269.1
19230101 19231231   336.2
19240101 19241231   515.5
19250101 19251231   244.7
19260101 19261231   279.3
19270101 19271231   185.2
19280101 19281231   508.6
19290101 19291231   256.6
19300101 19301231   413.5
19310101 19311231   355.5
19320101 19321231   447.0
19330101 19331231   397.5
19340101 19341231   361.9
19350101 19351231   343.6
19360101 19361231   408.7
19370101 19371231   235.6
19380101 19381231   134.6
19390101 19391231   416.0
19400101 19401231   183.0
19410101 19411231   296.8
19420101 19421231   370.1
19430101 19431231   195.3
19440101 19441231   173.4
19450101 19451231   294.7
19460101 19461231   343.3
19470101 19471231   382.3
19480101 19481231   285.8
19490101 19491231   330.6
19500101 19501231   492.6
19510101 19511231   380.3
19520101 19521231   438.1
19530101 19531231   359.8
19540101 19541231   381.0
19550101 19551231   548.9
19560101 19561231   634.6
19570101 19571231   288.7
19580101 19581231   481.4
19590101 19591231   282.6
19600101 19601231   568.3
19610101 19611231   380.9
19620101 19621231   383.4
19630101 19631231   430.9
19640101 19641231   464.8
19650101 19651231   334.7
19660101 19661231   399.6
19670101 19671231   155.9
19680101 19681231   430.3
19690101 19691231   443.1
19700101 19701231   405.5
19710101 19711231   535.0
19720101 19721231   268.0
19730101 19731231   811.7
19740101 19741231   597.6
19750101 19751231   440.7
19760101 19761231   268.8
19770101 19771231   231.2
19780101 19781231   471.0
19790101 19791231   369.1
19800101 19801231   328.1
19810101 19811231   400.1
19820101 19821231   122.7
19830101 19831231   527.4
19840101 19841231   336.4
19850101 19851231   395.1
19860101 19861231   379.4
19870101 19871231   366.1
19880101 19881231   445.2
19890101 19891231   488.5
19900101 19901231   277.5
19910101 19911231   320.8
19920101 19921231 99999.9
19930101 19931231   439.4
19940101 19941231 99999.9
19950101 19951231   380.9
19960101 19961231   363.3
19970101 19971231   228.0
19980101 19981231   329.8
19990101 19991231   457.5
20000101 20001231   393.9
20010101 20011231   282.7
20020101 20021231   182.0
20030101 20031231   363.7
20040101 20041231 99999.9
20050101 20051231   400.7
20060101 20061231   198.0
20070101 20071231   303.1
20080101 20081231   291.1
20090101 20091231   269.1
20100101 20101231   671.4
20110101 20111231 99999.9
20120101 20121231   295.3
20130101 20131231   272.5
20140101 20141231   290.9
20150101 20151231   201.1
20160101 20161231 99999.9
20170101 20171231   466.5
