PRCP       044168 19040101 20151231 missing_value=99999.9 BAYRICK                                   
19040101 19041231   608.9
19050101 19051231   454.7
19060101 19061231  1020.3
19070101 19071231   488.3
19080101 19081231   557.6
19090101 19091231   443.7
19100101 19101231   768.5
19110101 19111231   505.2
19120101 19121231   464.3
19130101 19131231   825.1
19140101 19141231   430.8
19150101 19151231   250.5
19160101 19161231   784.9
19170101 19171231   875.5
19180101 19181231   548.0
19190101 19191231   266.6
19200101 19201231   740.5
19210101 19211231   761.9
19220101 19221231   246.7
19230101 19231231   367.7
19240101 19241231   893.4
19250101 19251231   567.5
19260101 19261231   249.4
19270101 19271231   343.6
19280101 19281231   372.5
19290101 19291231   342.8
19300101 19301231   456.4
19310101 19311231   488.3
19320101 19321231   321.7
19330101 19331231   715.3
19340101 19341231   290.8
19350101 19351231   214.5
19360101 19361231   623.7
19370101 19371231   323.4
19380101 19381231   355.8
19390101 19391231   567.9
19400101 19401231   403.7
19410101 19411231   713.1
19420101 19421231   345.4
19430101 19431231   340.3
19440101 19441231   384.6
19450101 19451231   347.1
19460101 19461231   302.4
19470101 19471231   638.0
19480101 19481231   350.8
19490101 19491231   669.7
19500101 19501231  1002.3
19510101 19511231   209.6
19520101 19521231   398.6
19530101 19531231   242.9
19540101 19541231   745.4
19550101 19551231   695.0
19560101 19561231  1165.8
19570101 19571231   331.7
19580101 19581231   399.6
19590101 19591231   460.7
19600101 19601231   385.2
19610101 19611231   550.5
19620101 19621231   636.0
19630101 19631231   663.9
19640101 19641231   541.8
19650101 19651231   201.8
19660101 19661231   438.5
19670101 19671231   313.4
19680101 19681231   470.5
19690101 19691231   341.1
19700101 19701231   390.5
19710101 19711231   445.6
19720101 19721231   354.7
19730101 19731231   692.4
19740101 19741231   566.1
19750101 19751231   632.7
19760101 19761231   533.3
19770101 19771231   569.2
19780101 19781231   642.6
19790101 19791231   277.8
19800101 19801231   415.6
19810101 19811231   564.1
19820101 19821231   279.3
19830101 19831231   674.8
19840101 19841231   516.3
19850101 19851231   322.2
19860101 19861231   349.9
19870101 19871231   510.9
19880101 19881231   308.3
19890101 19891231   639.9
19900101 19901231   779.8
19910101 19911231   328.3
19920101 19921231   442.5
19930101 19931231   403.2
19940101 19941231   371.8
19950101 19951231   382.5
19960101 19961231   452.2
19970101 19971231   669.2
19980101 19981231   715.2
19990101 19991231   783.4
20000101 20001231   683.2
20010101 20011231   366.9
20020101 20021231   283.6
20030101 20031231   393.0
20040101 20041231   466.6
20050101 20051231   368.4
20060101 20061231 99999.9
20070101 20071231 99999.9
20080101 20081231 99999.9
20090101 20091231 99999.9
20100101 20101231 99999.9
20110101 20111231 99999.9
20120101 20121231   615.3
20130101 20131231   166.7
20140101 20141231   419.5
20150101 20151231   199.0
