PRCP       012067 19110101 20111231 missing_value=99999.9 PINNACLES                                 
19110101 19111231   200.3
19120101 19121231   102.4
19130101 19131231   231.0
19140101 19141231   156.8
19150101 19151231   310.6
19160101 19161231   180.5
19170101 19171231   459.9
19180101 19181231   357.4
19190101 19191231   351.4
19200101 19201231   220.2
19210101 19211231   319.2
19220101 19221231   213.2
19230101 19231231   168.1
19240101 19241231   143.7
19250101 19251231   322.0
19260101 19261231   218.7
19270101 19271231   444.1
19280101 19281231   115.0
19290101 19291231   219.7
19300101 19301231   185.6
19310101 19311231   393.4
19320101 19321231   173.7
19330101 19331231   131.3
19340101 19341231   175.9
19350101 19351231   179.8
19360101 19361231    99.3
19370101 19371231   185.6
19380101 19381231   208.5
19390101 19391231   274.7
19400101 19401231    75.4
19410101 19411231   263.9
19420101 19421231   520.8
19430101 19431231   131.6
19440101 19441231    82.4
19450101 19451231   121.0
19460101 19461231   135.4
19470101 19471231   263.3
19480101 19481231   290.7
19490101 19491231   148.6
19500101 19501231    96.5
19510101 19511231   226.5
19520101 19521231   156.2
19530101 19531231   165.4
19540101 19541231   173.9
19550101 19551231   471.8
19560101 19561231   169.9
19570101 19571231   115.0
19580101 19581231   284.1
19590101 19591231   166.7
19600101 19601231   379.5
19610101 19611231    88.6
19620101 19621231    69.0
19630101 19631231   389.7
19640101 19641231    77.9
19650101 19651231   197.0
19660101 19661231   231.9
19670101 19671231   194.7
19680101 19681231   251.8
19690101 19691231    88.3
19700101 19701231   139.6
19710101 19711231    96.7
19720101 19721231   157.5
19730101 19731231   401.6
19740101 19741231   362.4
19750101 19751231   725.7
19760101 19761231    76.0
19770101 19771231   211.4
19780101 19781231   235.8
19790101 19791231   167.1
19800101 19801231   360.6
19810101 19811231   225.1
19820101 19821231   255.7
19830101 19831231   113.9
19840101 19841231   285.3
19850101 19851231   268.0
19860101 19861231   181.8
19870101 19871231 99999.9
19880101 19881231 99999.9
19890101 19891231 99999.9
19900101 19901231 99999.9
19910101 19911231 99999.9
19920101 19921231   502.9
19930101 19931231   235.6
19940101 19941231    94.6
19950101 19951231   488.1
19960101 19961231   321.7
19970101 19971231   378.7
19980101 19981231   395.4
19990101 19991231 99999.9
20000101 20001231   486.0
20010101 20011231 99999.9
20020101 20021231   295.1
20030101 20031231 99999.9
20040101 20041231 99999.9
20050101 20051231 99999.9
20060101 20061231 99999.9
20070101 20071231   200.6
20080101 20081231   170.6
20090101 20091231   121.5
20100101 20101231   220.6
20110101 20111231   475.1
