PRCP       061071 18900101 20171231 missing_value=99999.9 STROUD POST OFFICE                        
18900101 18901231  1900.2
18910101 18911231  1467.5
18920101 18921231  1731.2
18930101 18931231  1818.4
18940101 18941231  1231.1
18950101 18951231  1299.9
18960101 18961231  1028.3
18970101 18971231   880.7
18980101 18981231  1106.7
18990101 18991231  1393.2
19000101 19001231   925.4
19010101 19011231   624.0
19020101 19021231   807.1
19030101 19031231  1086.7
19040101 19041231   881.3
19050101 19051231   685.5
19060101 19061231   699.4
19070101 19071231   821.1
19080101 19081231  1433.4
19090101 19091231  1053.5
19100101 19101231  1183.8
19110101 19111231  1256.2
19120101 19121231  1396.8
19130101 19131231  1391.1
19140101 19141231  1287.2
19150101 19151231   811.9
19160101 19161231  1220.7
19170101 19171231  1205.3
19180101 19181231   997.1
19190101 19191231  1300.5
19200101 19201231  1039.2
19210101 19211231  1556.0
19220101 19221231  1238.0
19230101 19231231   748.3
19240101 19241231  1046.5
19250101 19251231   990.6
19260101 19261231  1085.4
19270101 19271231  1536.8
19280101 19281231  1144.7
19290101 19291231  1352.6
19300101 19301231  1359.5
19310101 19311231  1238.1
19320101 19321231  1095.7
19330101 19331231  1079.3
19340101 19341231  1169.1
19350101 19351231   667.8
19360101 19361231   891.3
19370101 19371231  1115.0
19380101 19381231   990.1
19390101 19391231  1211.0
19400101 19401231   879.5
19410101 19411231   706.1
19420101 19421231  1358.8
19430101 19431231  1105.8
19440101 19441231   711.8
19450101 19451231  1100.4
19460101 19461231  1408.3
19470101 19471231  1101.2
19480101 19481231   959.4
19490101 19491231  1691.7
19500101 19501231  1815.4
19510101 19511231  1132.1
19520101 19521231  1177.9
19530101 19531231   920.5
19540101 19541231  1336.4
19550101 19551231  1405.1
19560101 19561231  1492.9
19570101 19571231   879.4
19580101 19581231   963.0
19590101 19591231  1603.8
19600101 19601231  1052.3
19610101 19611231  1170.4
19620101 19621231  1408.8
19630101 19631231  1830.6
19640101 19641231   691.5
19650101 19651231   627.2
19660101 19661231  1042.5
19670101 19671231  1638.8
19680101 19681231  1157.1
19690101 19691231  1108.2
19700101 19701231  1037.1
19710101 19711231  1436.8
19720101 19721231  1530.5
19730101 19731231   992.2
19740101 19741231  1204.4
19750101 19751231   863.8
19760101 19761231  1284.1
19770101 19771231   860.5
19780101 19781231  1467.4
19790101 19791231   668.6
19800101 19801231   541.0
19810101 19811231   958.6
19820101 19821231  1115.4
19830101 19831231   871.8
19840101 19841231  1180.2
19850101 19851231  1503.8
19860101 19861231   821.0
19870101 19871231  1228.4
19880101 19881231  1340.6
19890101 19891231  1266.8
19900101 19901231  1486.2
19910101 19911231   690.8
19920101 19921231  1230.0
19930101 19931231   928.2
19940101 19941231   799.5
19950101 19951231  1219.8
19960101 19961231 99999.9
19970101 19971231  1024.4
19980101 19981231  1414.5
19990101 19991231  1396.8
20000101 20001231   977.6
20010101 20011231  1475.7
20020101 20021231   923.6
20030101 20031231   893.7
20040101 20041231  1261.6
20050101 20051231 99999.9
20060101 20061231 99999.9
20070101 20071231  1158.2
20080101 20081231  1282.2
20090101 20091231  1277.8
20100101 20101231  1069.0
20110101 20111231  1519.6
20120101 20121231   981.4
20130101 20131231  1331.4
20140101 20141231   804.6
20150101 20151231  1198.4
20160101 20161231  1026.8
20170101 20171231   949.0
