PRCP       009739 19020101 20171231 missing_value=99999.9 WELCOME DOWNS                             
19020101 19021231   555.9
19030101 19031231   603.4
19040101 19041231   618.7
19050101 19051231   550.1
19060101 19061231   464.9
19070101 19071231   587.1
19080101 19081231   638.8
19090101 19091231   701.3
19100101 19101231   680.5
19110101 19111231   560.9
19120101 19121231   523.3
19130101 19131231   557.5
19140101 19141231   506.2
19150101 19151231   886.4
19160101 19161231   707.8
19170101 19171231   902.3
19180101 19181231   541.5
19190101 19191231   547.8
19200101 19201231   817.0
19210101 19211231   560.7
19220101 19221231   521.4
19230101 19231231   634.3
19240101 19241231   565.7
19250101 19251231   764.0
19260101 19261231   667.4
19270101 19271231   475.7
19280101 19281231   558.3
19290101 19291231   617.5
19300101 19301231   540.4
19310101 19311231   759.0
19320101 19321231   618.0
19330101 19331231   583.7
19340101 19341231   651.3
19350101 19351231   832.9
19360101 19361231   598.8
19370101 19371231   565.6
19380101 19381231   616.4
19390101 19391231   794.1
19400101 19401231   381.6
19410101 19411231   547.8
19420101 19421231   664.8
19430101 19431231   617.0
19440101 19441231   442.0
19450101 19451231   461.1
19460101 19461231   433.2
19470101 19471231   552.3
19480101 19481231   574.9
19490101 19491231   479.7
19500101 19501231   513.3
19510101 19511231   633.8
19520101 19521231   618.6
19530101 19531231   524.9
19540101 19541231   348.8
19550101 19551231   634.2
19560101 19561231   492.4
19570101 19571231   441.2
19580101 19581231   496.7
19590101 19591231   470.2
19600101 19601231   461.4
19610101 19611231   655.7
19620101 19621231   487.3
19630101 19631231   613.1
19640101 19641231   599.8
19650101 19651231   536.9
19660101 19661231   649.1
19670101 19671231   458.0
19680101 19681231   736.6
19690101 19691231   384.6
19700101 19701231   499.3
19710101 19711231   731.9
19720101 19721231   511.3
19730101 19731231   593.3
19740101 19741231   550.2
19750101 19751231   571.4
19760101 19761231   532.7
19770101 19771231   367.8
19780101 19781231   508.1
19790101 19791231   610.9
19800101 19801231   489.4
19810101 19811231   491.2
19820101 19821231   456.6
19830101 19831231   491.6
19840101 19841231   551.0
19850101 19851231   532.8
19860101 19861231   552.3
19870101 19871231   502.2
19880101 19881231   486.8
19890101 19891231   699.3
19900101 19901231 99999.9
19910101 19911231   410.1
19920101 19921231 99999.9
19930101 19931231   480.4
19940101 19941231 99999.9
19950101 19951231   545.7
19960101 19961231 99999.9
19970101 19971231 99999.9
19980101 19981231   417.2
19990101 19991231 99999.9
20000101 20001231   650.2
20010101 20011231   635.9
20020101 20021231 99999.9
20030101 20031231   788.6
20040101 20041231   521.8
20050101 20051231   555.4
20060101 20061231   485.8
20070101 20071231   772.0
20080101 20081231   543.8
20090101 20091231   542.8
20100101 20101231   463.6
20110101 20111231   480.8
20120101 20121231   554.0
20130101 20131231   690.8
20140101 20141231   534.4
20150101 20151231   470.2
20160101 20161231   633.6
20170101 20171231   693.1
