PRCP       047029 18830101 20171231 missing_value=99999.9 POONCARIE TELECENTRE                      
18830101 18831231   219.4
18840101 18841231   176.6
18850101 18851231   190.6
18860101 18861231   298.3
18870101 18871231   357.5
18880101 18881231   132.0
18890101 18891231   483.7
18900101 18901231   326.3
18910101 18911231   355.2
18920101 18921231   298.7
18930101 18931231   226.0
18940101 18941231   504.7
18950101 18951231   236.7
18960101 18961231   198.3
18970101 18971231   150.3
18980101 18981231   180.5
18990101 18991231   235.6
19000101 19001231   243.3
19010101 19011231   214.5
19020101 19021231    94.7
19030101 19031231   310.6
19040101 19041231   229.5
19050101 19051231   263.9
19060101 19061231   417.2
19070101 19071231   254.4
19080101 19081231   213.6
19090101 19091231   199.2
19100101 19101231   305.7
19110101 19111231   352.6
19120101 19121231   272.4
19130101 19131231   229.5
19140101 19141231   186.9
19150101 19151231   206.8
19160101 19161231   334.8
19170101 19171231   490.2
19180101 19181231   258.3
19190101 19191231   176.2
19200101 19201231   316.9
19210101 19211231   418.7
19220101 19221231   191.7
19230101 19231231   309.7
19240101 19241231   272.9
19250101 19251231   224.7
19260101 19261231   314.1
19270101 19271231   126.3
19280101 19281231   165.0
19290101 19291231   161.4
19300101 19301231   226.4
19310101 19311231   300.0
19320101 19321231   277.7
19330101 19331231   199.2
19340101 19341231   202.1
19350101 19351231   130.9
19360101 19361231   310.2
19370101 19371231   270.6
19380101 19381231   169.1
19390101 19391231   404.4
19400101 19401231    82.0
19410101 19411231   304.1
19420101 19421231   245.9
19430101 19431231   127.8
19440101 19441231   110.2
19450101 19451231   192.2
19460101 19461231   368.7
19470101 19471231   393.5
19480101 19481231   219.8
19490101 19491231   293.0
19500101 19501231   295.5
19510101 19511231   243.1
19520101 19521231   304.4
19530101 19531231   191.1
19540101 19541231   294.4
19550101 19551231   331.9
19560101 19561231   402.8
19570101 19571231   213.8
19580101 19581231   308.6
19590101 19591231   167.5
19600101 19601231   310.1
19610101 19611231   192.7
19620101 19621231   413.2
19630101 19631231   263.5
19640101 19641231   191.9
19650101 19651231   164.8
19660101 19661231   180.0
19670101 19671231    71.8
19680101 19681231   270.0
19690101 19691231   233.9
19700101 19701231   234.0
19710101 19711231   231.3
19720101 19721231   170.0
19730101 19731231   630.3
19740101 19741231   571.4
19750101 19751231   342.9
19760101 19761231   253.5
19770101 19771231   184.3
19780101 19781231   408.7
19790101 19791231   314.0
19800101 19801231   323.5
19810101 19811231   250.7
19820101 19821231   128.9
19830101 19831231   244.4
19840101 19841231   320.4
19850101 19851231   256.4
19860101 19861231   248.9
19870101 19871231   287.1
19880101 19881231   393.0
19890101 19891231   453.7
19900101 19901231   250.3
19910101 19911231   241.7
19920101 19921231   365.1
19930101 19931231   385.4
19940101 19941231 99999.9
19950101 19951231 99999.9
19960101 19961231   254.2
19970101 19971231   206.0
19980101 19981231   133.2
19990101 19991231   252.5
20000101 20001231 99999.9
20010101 20011231 99999.9
20020101 20021231   168.3
20030101 20031231   251.8
20040101 20041231   191.5
20050101 20051231   319.8
20060101 20061231   197.2
20070101 20071231   253.6
20080101 20081231   227.4
20090101 20091231   228.6
20100101 20101231   567.1
20110101 20111231   533.1
20120101 20121231   356.7
20130101 20131231   201.9
20140101 20141231   262.6
20150101 20151231   264.1
20160101 20161231   383.6
20170101 20171231   194.8
