PRCP       050018 18900101 20171231 missing_value=99999.9 DANDALOO (KELVIN)                         
18900101 18901231   931.4
18910101 18911231   753.6
18920101 18921231   544.5
18930101 18931231   559.8
18940101 18941231   762.5
18950101 18951231   427.2
18960101 18961231   624.7
18970101 18971231   457.9
18980101 18981231   444.8
18990101 18991231   395.3
19000101 19001231   449.5
19010101 19011231   400.4
19020101 19021231   255.1
19030101 19031231   437.3
19040101 19041231   356.5
19050101 19051231   526.1
19060101 19061231   627.9
19070101 19071231   514.3
19080101 19081231   337.4
19090101 19091231   346.5
19100101 19101231   387.8
19110101 19111231   524.6
19120101 19121231   244.7
19130101 19131231   460.4
19140101 19141231   376.2
19150101 19151231   245.1
19160101 19161231   710.8
19170101 19171231   569.0
19180101 19181231   261.0
19190101 19191231   247.0
19200101 19201231   483.0
19210101 19211231   603.2
19220101 19221231   202.9
19230101 19231231   256.8
19240101 19241231   464.5
19250101 19251231   558.0
19260101 19261231   466.1
19270101 19271231   388.6
19280101 19281231   537.7
19290101 19291231   319.6
19300101 19301231   501.8
19310101 19311231   630.3
19320101 19321231   416.3
19330101 19331231   443.7
19340101 19341231   658.3
19350101 19351231   257.3
19360101 19361231   591.3
19370101 19371231   322.6
19380101 19381231   403.9
19390101 19391231   503.1
19400101 19401231   264.5
19410101 19411231   373.8
19420101 19421231   513.2
19430101 19431231   478.1
19440101 19441231   237.4
19450101 19451231   457.2
19460101 19461231   419.4
19470101 19471231   598.8
19480101 19481231   468.2
19490101 19491231   553.7
19500101 19501231  1105.2
19510101 19511231   353.1
19520101 19521231   529.9
19530101 19531231   343.3
19540101 19541231   456.8
19550101 19551231   635.0
19560101 19561231  1003.8
19570101 19571231   244.8
19580101 19581231   508.2
19590101 19591231   863.5
19600101 19601231   481.4
19610101 19611231   525.9
19620101 19621231   511.5
19630101 19631231   554.4
19640101 19641231   403.9
19650101 19651231   211.5
19660101 19661231   404.9
19670101 19671231   189.2
19680101 19681231   615.2
19690101 19691231   735.5
19700101 19701231   475.6
19710101 19711231   654.3
19720101 19721231   330.3
19730101 19731231   804.2
19740101 19741231   568.5
19750101 19751231   524.0
19760101 19761231   844.4
19770101 19771231   423.8
19780101 19781231   706.4
19790101 19791231   333.4
19800101 19801231   334.2
19810101 19811231   448.4
19820101 19821231   330.0
19830101 19831231   616.8
19840101 19841231   666.8
19850101 19851231   519.2
19860101 19861231   345.8
19870101 19871231   511.4
19880101 19881231   659.0
19890101 19891231   568.0
19900101 19901231   844.8
19910101 19911231   479.2
19920101 19921231   806.2
19930101 19931231   508.3
19940101 19941231   384.2
19950101 19951231   466.6
19960101 19961231   502.2
19970101 19971231   392.4
19980101 19981231   746.0
19990101 19991231   533.3
20000101 20001231   642.9
20010101 20011231   541.0
20020101 20021231   420.3
20030101 20031231 99999.9
20040101 20041231   454.0
20050101 20051231   410.0
20060101 20061231 99999.9
20070101 20071231   594.3
20080101 20081231   432.3
20090101 20091231   405.6
20100101 20101231 99999.9
20110101 20111231   522.4
20120101 20121231   526.6
20130101 20131231   368.6
20140101 20141231   525.2
20150101 20151231   456.6
20160101 20161231   851.2
20170101 20171231   430.7
