PRCP       020053 19100101 20171231 missing_value=99999.9 TEPCO                                     
19100101 19101231   201.6
19110101 19111231   315.3
19120101 19121231   208.1
19130101 19131231   121.1
19140101 19141231   164.7
19150101 19151231   104.5
19160101 19161231   223.1
19170101 19171231   353.0
19180101 19181231   218.6
19190101 19191231   216.5
19200101 19201231   312.0
19210101 19211231   348.7
19220101 19221231   119.3
19230101 19231231   129.8
19240101 19241231   166.4
19250101 19251231   147.2
19260101 19261231   185.4
19270101 19271231    99.6
19280101 19281231   138.6
19290101 19291231   104.7
19300101 19301231   167.2
19310101 19311231   223.5
19320101 19321231   180.1
19330101 19331231   134.2
19340101 19341231   111.8
19350101 19351231    77.8
19360101 19361231   169.9
19370101 19371231   246.0
19380101 19381231   194.7
19390101 19391231   184.9
19400101 19401231    20.1
19410101 19411231   153.0
19420101 19421231   156.0
19430101 19431231    82.0
19440101 19441231    80.1
19450101 19451231   115.4
19460101 19461231   255.9
19470101 19471231   260.0
19480101 19481231   163.2
19490101 19491231   192.0
19500101 19501231   376.8
19510101 19511231   133.1
19520101 19521231   153.9
19530101 19531231   170.3
19540101 19541231   183.7
19550101 19551231   317.0
19560101 19561231   296.4
19570101 19571231   125.3
19580101 19581231   362.0
19590101 19591231   139.6
19600101 19601231   193.8
19610101 19611231   147.5
19620101 19621231   254.3
19630101 19631231   167.1
19640101 19641231   175.1
19650101 19651231    88.0
19660101 19661231   147.5
19670101 19671231   114.3
19680101 19681231   307.0
19690101 19691231   160.7
19700101 19701231   129.5
19710101 19711231   291.3
19720101 19721231   139.5
19730101 19731231   437.0
19740101 19741231   458.6
19750101 19751231   345.9
19760101 19761231   294.0
19770101 19771231   106.5
19780101 19781231   256.5
19790101 19791231   299.5
19800101 19801231   198.3
19810101 19811231   184.2
19820101 19821231    72.3
19830101 19831231   296.2
19840101 19841231   212.2
19850101 19851231   156.8
19860101 19861231   199.7
19870101 19871231   212.3
19880101 19881231   318.3
19890101 19891231   436.3
19900101 19901231   182.2
19910101 19911231   147.5
19920101 19921231   444.8
19930101 19931231   352.8
19940101 19941231    90.9
19950101 19951231   235.9
19960101 19961231   295.4
19970101 19971231   281.9
19980101 19981231   164.0
19990101 19991231   181.9
20000101 20001231   290.5
20010101 20011231   181.7
20020101 20021231    80.1
20030101 20031231   175.9
20040101 20041231   135.8
20050101 20051231   202.0
20060101 20061231   118.0
20070101 20071231   209.4
20080101 20081231   170.2
20090101 20091231   155.0
20100101 20101231   516.2
20110101 20111231 99999.9
20120101 20121231 99999.9
20130101 20131231   144.7
20140101 20141231   175.0
20150101 20151231   225.2
20160101 20161231   393.6
20170101 20171231   159.4
