PRCP       027005 18870101 20151231 missing_value=99999.9 COEN POST OFFICE                          
18870101 18871231  1264.5
18880101 18881231   947.0
18890101 18891231  1199.0
18900101 18901231  1275.8
18910101 18911231   979.3
18920101 18921231  1172.6
18930101 18931231  1013.2
18940101 18941231  1818.2
18950101 18951231   971.9
18960101 18961231  1218.4
18970101 18971231   827.3
18980101 18981231  1217.1
18990101 18991231   911.9
19000101 19001231   543.9
19010101 19011231  1430.1
19020101 19021231   584.3
19030101 19031231  1562.5
19040101 19041231   962.7
19050101 19051231   767.7
19060101 19061231  1060.3
19070101 19071231  1466.1
19080101 19081231  1681.1
19090101 19091231  1370.8
19100101 19101231  2035.1
19110101 19111231  1639.6
19120101 19121231   637.8
19130101 19131231  1685.5
19140101 19141231  1681.9
19150101 19151231   885.7
19160101 19161231  1274.5
19170101 19171231  1162.3
19180101 19181231   921.6
19190101 19191231   633.8
19200101 19201231  1415.3
19210101 19211231  1750.4
19220101 19221231  1295.8
19230101 19231231  1440.1
19240101 19241231  1042.1
19250101 19251231  1124.9
19260101 19261231   665.4
19270101 19271231  1143.8
19280101 19281231  1203.5
19290101 19291231  1274.3
19300101 19301231  1208.5
19310101 19311231   939.0
19320101 19321231  1006.2
19330101 19331231  1377.6
19340101 19341231  1132.4
19350101 19351231   718.0
19360101 19361231  1018.9
19370101 19371231   482.4
19380101 19381231   996.7
19390101 19391231  1369.8
19400101 19401231  1202.4
19410101 19411231   857.0
19420101 19421231   804.4
19430101 19431231  1252.4
19440101 19441231  1140.2
19450101 19451231  1137.5
19460101 19461231   612.2
19470101 19471231   869.0
19480101 19481231   906.8
19490101 19491231  1288.6
19500101 19501231  1385.9
19510101 19511231   788.8
19520101 19521231   802.5
19530101 19531231  1211.1
19540101 19541231  1117.4
19550101 19551231  1618.4
19560101 19561231  1525.4
19570101 19571231  1156.0
19580101 19581231  1080.6
19590101 19591231  1310.3
19600101 19601231  1033.5
19610101 19611231   657.9
19620101 19621231   969.8
19630101 19631231  1069.3
19640101 19641231  1388.8
19650101 19651231   869.2
19660101 19661231   963.1
19670101 19671231  1105.5
19680101 19681231  1344.5
19690101 19691231  1086.4
19700101 19701231  1124.2
19710101 19711231  1422.4
19720101 19721231  1357.2
19730101 19731231  1841.7
19740101 19741231  1038.0
19750101 19751231  1702.0
19760101 19761231  1369.3
19770101 19771231  1266.2
19780101 19781231  1053.2
19790101 19791231  1588.2
19800101 19801231   874.2
19810101 19811231  1524.5
19820101 19821231  1393.4
19830101 19831231   815.8
19840101 19841231  1937.9
19850101 19851231  1429.0
19860101 19861231  1039.3
19870101 19871231  1097.0
19880101 19881231   956.6
19890101 19891231  1202.5
19900101 19901231   944.0
19910101 19911231  1180.5
19920101 19921231  1467.7
19930101 19931231  1679.8
19940101 19941231   852.7
19950101 19951231  1166.2
19960101 19961231  1578.5
19970101 19971231   836.0
19980101 19981231 99999.9
19990101 19991231 99999.9
20000101 20001231  1741.9
20010101 20011231  1186.8
20020101 20021231   799.9
20030101 20031231   857.4
20040101 20041231  1347.1
20050101 20051231   843.2
20060101 20061231  1716.8
20070101 20071231  1412.4
20080101 20081231  1162.5
20090101 20091231   812.8
20100101 20101231  1635.4
20110101 20111231  1510.4
20120101 20121231   703.8
20130101 20131231 99999.9
20140101 20141231 99999.9
20150101 20151231  1199.6
