PRCP       007053 19070101 20121231 missing_value=99999.9 MOUNT AUGUSTUS                            
19070101 19071231   100.1
19080101 19081231   222.8
19090101 19091231   588.9
19100101 19101231   165.8
19110101 19111231   123.4
19120101 19121231    97.0
19130101 19131231   101.0
19140101 19141231   164.6
19150101 19151231   267.1
19160101 19161231   262.3
19170101 19171231   401.1
19180101 19181231   283.0
19190101 19191231    77.9
19200101 19201231   170.3
19210101 19211231   151.8
19220101 19221231   125.5
19230101 19231231   228.0
19240101 19241231    56.4
19250101 19251231   208.8
19260101 19261231   285.5
19270101 19271231   317.1
19280101 19281231   194.7
19290101 19291231   279.6
19300101 19301231   275.5
19310101 19311231   453.8
19320101 19321231   146.5
19330101 19331231   294.2
19340101 19341231   286.0
19350101 19351231   185.0
19360101 19361231    54.9
19370101 19371231   143.3
19380101 19381231   130.5
19390101 19391231   139.7
19400101 19401231    76.1
19410101 19411231   167.1
19420101 19421231   503.9
19430101 19431231   192.0
19440101 19441231    47.5
19450101 19451231   115.4
19460101 19461231   210.4
19470101 19471231   314.4
19480101 19481231   423.7
19490101 19491231   407.4
19500101 19501231    43.1
19510101 19511231   269.6
19520101 19521231   282.5
19530101 19531231   121.6
19540101 19541231   173.1
19550101 19551231   197.6
19560101 19561231   108.4
19570101 19571231   201.8
19580101 19581231   250.6
19590101 19591231   142.4
19600101 19601231   342.0
19610101 19611231   382.0
19620101 19621231   239.9
19630101 19631231   412.6
19640101 19641231    91.2
19650101 19651231   303.6
19660101 19661231    94.8
19670101 19671231   151.8
19680101 19681231   251.5
19690101 19691231   178.7
19700101 19701231   164.6
19710101 19711231   228.3
19720101 19721231   156.4
19730101 19731231   344.1
19740101 19741231   448.4
19750101 19751231   340.4
19760101 19761231   115.0
19770101 19771231    84.2
19780101 19781231   215.9
19790101 19791231   115.7
19800101 19801231   375.0
19810101 19811231   226.7
19820101 19821231   343.4
19830101 19831231   221.3
19840101 19841231   416.1
19850101 19851231   251.5
19860101 19861231   351.8
19870101 19871231   242.9
19880101 19881231   240.3
19890101 19891231   325.1
19900101 19901231   312.8
19910101 19911231   102.3
19920101 19921231   276.0
19930101 19931231   149.4
19940101 19941231    94.3
19950101 19951231   424.6
19960101 19961231   285.8
19970101 19971231   435.4
19980101 19981231 99999.9
19990101 19991231 99999.9
20000101 20001231   345.3
20010101 20011231   237.5
20020101 20021231   129.5
20030101 20031231   103.3
20040101 20041231   209.8
20050101 20051231   145.6
20060101 20061231   485.6
20070101 20071231   124.3
20080101 20081231   333.6
20090101 20091231 99999.9
20100101 20101231    46.0
20110101 20111231   253.5
20120101 20121231   254.4
