PRCP       043038 18980101 20171231 missing_value=99999.9 WALLUMBILLA POST OFFICE                   
18980101 18981231   472.2
18990101 18991231   399.8
19000101 19001231   481.6
19010101 19011231   344.1
19020101 19021231   242.1
19030101 19031231   876.0
19040101 19041231   556.1
19050101 19051231   394.4
19060101 19061231   899.5
19070101 19071231   604.6
19080101 19081231   632.0
19090101 19091231   667.6
19100101 19101231   772.1
19110101 19111231   747.2
19120101 19121231   557.0
19130101 19131231   582.6
19140101 19141231   683.6
19150101 19151231   281.4
19160101 19161231   798.7
19170101 19171231   958.6
19180101 19181231   389.0
19190101 19191231   437.2
19200101 19201231   699.7
19210101 19211231   748.7
19220101 19221231   385.1
19230101 19231231   324.2
19240101 19241231  1011.1
19250101 19251231   470.9
19260101 19261231   553.3
19270101 19271231   625.6
19280101 19281231   508.8
19290101 19291231   444.0
19300101 19301231   448.8
19310101 19311231   553.5
19320101 19321231   334.5
19330101 19331231   574.0
19340101 19341231   539.0
19350101 19351231   376.2
19360101 19361231   501.1
19370101 19371231   475.0
19380101 19381231   581.3
19390101 19391231   563.7
19400101 19401231   765.9
19410101 19411231   552.7
19420101 19421231   643.1
19430101 19431231   491.3
19440101 19441231   372.2
19450101 19451231   483.4
19460101 19461231   219.7
19470101 19471231   877.0
19480101 19481231   526.9
19490101 19491231   598.3
19500101 19501231   892.9
19510101 19511231   314.2
19520101 19521231   516.9
19530101 19531231   658.0
19540101 19541231  1069.8
19550101 19551231   820.1
19560101 19561231   898.8
19570101 19571231   262.7
19580101 19581231   742.8
19590101 19591231   868.4
19600101 19601231   376.8
19610101 19611231   840.4
19620101 19621231   721.6
19630101 19631231   639.6
19640101 19641231   470.5
19650101 19651231   459.5
19660101 19661231   503.9
19670101 19671231   622.2
19680101 19681231   564.3
19690101 19691231   552.1
19700101 19701231   612.1
19710101 19711231   773.7
19720101 19721231   636.1
19730101 19731231   771.0
19740101 19741231   530.0
19750101 19751231   696.6
19760101 19761231   485.2
19770101 19771231   470.5
19780101 19781231   900.3
19790101 19791231   451.2
19800101 19801231   364.5
19810101 19811231   642.5
19820101 19821231   408.2
19830101 19831231   870.0
19840101 19841231   815.8
19850101 19851231   612.2
19860101 19861231   452.1
19870101 19871231   401.6
19880101 19881231   675.9
19890101 19891231   766.6
19900101 19901231   559.5
19910101 19911231   466.7
19920101 19921231   467.3
19930101 19931231   443.0
19940101 19941231   461.5
19950101 19951231   655.7
19960101 19961231   571.7
19970101 19971231   522.1
19980101 19981231   698.9
19990101 19991231   567.4
20000101 20001231   584.3
20010101 20011231   583.2
20020101 20021231   383.6
20030101 20031231   529.7
20040101 20041231   782.8
20050101 20051231 99999.9
20060101 20061231   278.4
20070101 20071231 99999.9
20080101 20081231 99999.9
20090101 20091231 99999.9
20100101 20101231 99999.9
20110101 20111231 99999.9
20120101 20121231 99999.9
20130101 20131231 99999.9
20140101 20141231   422.2
20150101 20151231   432.6
20160101 20161231   539.2
20170101 20171231   549.0
