PRCP       033035 18860101 20161231 missing_value=99999.9 KALAMIA ESTATE                            
18860101 18861231  1324.2
18870101 18871231  1316.0
18880101 18881231   600.4
18890101 18891231  1151.2
18900101 18901231  2536.7
18910101 18911231  1735.1
18920101 18921231   950.8
18930101 18931231   968.0
18940101 18941231  2385.9
18950101 18951231  1146.5
18960101 18961231  2094.0
18970101 18971231  1170.6
18980101 18981231  1424.1
18990101 18991231  1131.1
19000101 19001231   610.4
19010101 19011231  1000.3
19020101 19021231   336.9
19030101 19031231  1200.2
19040101 19041231   458.7
19050101 19051231   848.3
19060101 19061231  1204.8
19070101 19071231   667.2
19080101 19081231   820.8
19090101 19091231  1181.3
19100101 19101231  1841.3
19110101 19111231  1647.1
19120101 19121231   547.5
19130101 19131231  1498.2
19140101 19141231   939.5
19150101 19151231   432.6
19160101 19161231   972.5
19170101 19171231  1675.2
19180101 19181231  1244.1
19190101 19191231   496.2
19200101 19201231  1145.9
19210101 19211231   894.2
19220101 19221231   713.9
19230101 19231231   226.4
19240101 19241231  1311.3
19250101 19251231   921.8
19260101 19261231   574.7
19270101 19271231  1395.5
19280101 19281231   886.6
19290101 19291231  1592.6
19300101 19301231   746.5
19310101 19311231   793.5
19320101 19321231   701.5
19330101 19331231   841.2
19340101 19341231   872.9
19350101 19351231   352.8
19360101 19361231  1783.4
19370101 19371231   646.9
19380101 19381231   786.2
19390101 19391231   921.2
19400101 19401231  1363.7
19410101 19411231  1337.8
19420101 19421231  1434.2
19430101 19431231   816.5
19440101 19441231   783.2
19450101 19451231  1134.9
19460101 19461231   963.6
19470101 19471231  2269.7
19480101 19481231   600.0
19490101 19491231  1458.4
19500101 19501231  2098.1
19510101 19511231   876.7
19520101 19521231   829.3
19530101 19531231  1409.2
19540101 19541231  1435.2
19550101 19551231  1532.4
19560101 19561231  1814.9
19570101 19571231   714.0
19580101 19581231  1225.4
19590101 19591231   950.3
19600101 19601231  1122.7
19610101 19611231   527.2
19620101 19621231   828.1
19630101 19631231  1103.1
19640101 19641231   894.2
19650101 19651231   790.6
19660101 19661231   791.1
19670101 19671231  1057.6
19680101 19681231  1282.3
19690101 19691231   397.9
19700101 19701231   957.3
19710101 19711231  1282.0
19720101 19721231   947.2
19730101 19731231  1451.7
19740101 19741231  1901.6
19750101 19751231  1433.8
19760101 19761231  1631.7
19770101 19771231  1176.9
19780101 19781231  1165.5
19790101 19791231  1474.5
19800101 19801231   771.6
19810101 19811231  1568.7
19820101 19821231   502.7
19830101 19831231   771.3
19840101 19841231   694.6
19850101 19851231   881.4
19860101 19861231   666.0
19870101 19871231   568.0
19880101 19881231  1262.1
19890101 19891231  1236.9
19900101 19901231  1856.3
19910101 19911231  1313.6
19920101 19921231   693.1
19930101 19931231   418.7
19940101 19941231   368.9
19950101 19951231   710.0
19960101 19961231   574.4
19970101 19971231  1473.4
19980101 19981231  1405.0
19990101 19991231   826.2
20000101 20001231  1898.0
20010101 20011231   357.6
20020101 20021231   678.8
20030101 20031231   436.3
20040101 20041231   433.0
20050101 20051231   660.2
20060101 20061231   913.0
20070101 20071231  1020.6
20080101 20081231  1238.9
20090101 20091231  1636.8
20100101 20101231 99999.9
20110101 20111231   993.1
20120101 20121231 99999.9
20130101 20131231 99999.9
20140101 20141231   787.9
20150101 20151231   546.3
20160101 20161231   824.3
