PRCP       069006 18970101 20171231 missing_value=99999.9 BETTOWYND (CONDRY)                        
18970101 18971231   594.6
18980101 18981231   753.2
18990101 18991231   788.1
19000101 19001231   993.6
19010101 19011231   564.5
19020101 19021231   510.1
19030101 19031231   620.8
19040101 19041231   484.0
19050101 19051231   448.6
19060101 19061231   554.0
19070101 19071231   416.6
19080101 19081231   623.0
19090101 19091231   550.2
19100101 19101231   619.7
19110101 19111231   868.5
19120101 19121231   685.8
19130101 19131231   882.9
19140101 19141231   909.5
19150101 19151231   481.6
19160101 19161231  1058.9
19170101 19171231   563.6
19180101 19181231   594.6
19190101 19191231   730.9
19200101 19201231   863.2
19210101 19211231   992.1
19220101 19221231   930.5
19230101 19231231   585.7
19240101 19241231   618.6
19250101 19251231  1251.8
19260101 19261231   413.1
19270101 19271231   543.5
19280101 19281231   529.0
19290101 19291231   931.8
19300101 19301231   529.4
19310101 19311231   566.8
19320101 19321231   573.0
19330101 19331231   642.0
19340101 19341231  1527.6
19350101 19351231   677.9
19360101 19361231   784.1
19370101 19371231   707.1
19380101 19381231   794.9
19390101 19391231   597.8
19400101 19401231   471.0
19410101 19411231   520.2
19420101 19421231   615.0
19430101 19431231   896.5
19440101 19441231   498.7
19450101 19451231   989.6
19460101 19461231   568.2
19470101 19471231   727.7
19480101 19481231   873.8
19490101 19491231   881.3
19500101 19501231  1267.6
19510101 19511231   921.5
19520101 19521231  1278.3
19530101 19531231   642.2
19540101 19541231   447.9
19550101 19551231   884.7
19560101 19561231  1174.6
19570101 19571231   546.6
19580101 19581231   685.1
19590101 19591231  1415.4
19600101 19601231   973.2
19610101 19611231  1460.5
19620101 19621231   941.0
19630101 19631231  1218.0
19640101 19641231   720.3
19650101 19651231   402.2
19660101 19661231   869.0
19670101 19671231   592.4
19680101 19681231   483.4
19690101 19691231   961.0
19700101 19701231   772.0
19710101 19711231   615.9
19720101 19721231   705.2
19730101 19731231   763.7
19740101 19741231  1593.2
19750101 19751231  1425.9
19760101 19761231  1062.7
19770101 19771231   739.1
19780101 19781231  1364.4
19790101 19791231   651.4
19800101 19801231   430.2
19810101 19811231   809.4
19820101 19821231   319.0
19830101 19831231   935.6
19840101 19841231  1061.8
19850101 19851231   934.2
19860101 19861231   598.4
19870101 19871231   601.4
19880101 19881231  1218.2
19890101 19891231  1028.4
19900101 19901231   794.0
19910101 19911231   961.4
19920101 19921231   951.8
19930101 19931231   590.0
19940101 19941231   534.2
19950101 19951231   794.5
19960101 19961231   664.6
19970101 19971231   572.8
19980101 19981231   815.8
19990101 19991231   734.7
20000101 20001231   559.6
20010101 20011231 99999.9
20020101 20021231 99999.9
20030101 20031231 99999.9
20040101 20041231 99999.9
20050101 20051231 99999.9
20060101 20061231 99999.9
20070101 20071231 99999.9
20080101 20081231 99999.9
20090101 20091231 99999.9
20100101 20101231   786.0
20110101 20111231 99999.9
20120101 20121231 99999.9
20130101 20131231   588.0
20140101 20141231   981.0
20150101 20151231   784.0
20160101 20161231   822.0
20170101 20171231   604.0
