PRCP       033082 18980101 20171231 missing_value=99999.9 STRATHMORE                                
18980101 18981231   787.9
18990101 18991231   749.0
19000101 19001231   559.0
19010101 19011231   828.2
19020101 19021231   181.6
19030101 19031231   791.1
19040101 19041231   637.3
19050101 19051231   586.2
19060101 19061231  1032.6
19070101 19071231   506.0
19080101 19081231   780.1
19090101 19091231   763.6
19100101 19101231  1318.8
19110101 19111231   813.6
19120101 19121231   662.3
19130101 19131231  1034.0
19140101 19141231   469.4
19150101 19151231   378.4
19160101 19161231   795.2
19170101 19171231  1309.2
19180101 19181231  1031.1
19190101 19191231   497.5
19200101 19201231   759.3
19210101 19211231   795.7
19220101 19221231   920.1
19230101 19231231   391.8
19240101 19241231  1128.2
19250101 19251231   660.5
19260101 19261231   515.4
19270101 19271231   820.9
19280101 19281231   797.6
19290101 19291231   736.0
19300101 19301231   693.6
19310101 19311231   291.5
19320101 19321231   435.1
19330101 19331231  1155.4
19340101 19341231   970.5
19350101 19351231   260.7
19360101 19361231   868.2
19370101 19371231   551.9
19380101 19381231   501.9
19390101 19391231   397.7
19400101 19401231  1345.4
19410101 19411231   656.5
19420101 19421231   721.5
19430101 19431231   531.7
19440101 19441231   598.2
19450101 19451231   530.7
19460101 19461231   581.3
19470101 19471231   901.8
19480101 19481231   332.5
19490101 19491231   706.0
19500101 19501231  1095.9
19510101 19511231   591.4
19520101 19521231   528.8
19530101 19531231   671.1
19540101 19541231  1136.0
19550101 19551231  1123.5
19560101 19561231  1731.5
19570101 19571231   458.1
19580101 19581231  1400.7
19590101 19591231   766.7
19600101 19601231   390.7
19610101 19611231   402.1
19620101 19621231   680.9
19630101 19631231   483.4
19640101 19641231   724.9
19650101 19651231   370.5
19660101 19661231   330.1
19670101 19671231   699.4
19680101 19681231   894.4
19690101 19691231   198.3
19700101 19701231   550.1
19710101 19711231   755.0
19720101 19721231   810.6
19730101 19731231   878.0
19740101 19741231   924.7
19750101 19751231   893.3
19760101 19761231   837.0
19770101 19771231   714.6
19780101 19781231   733.0
19790101 19791231   645.2
19800101 19801231   567.0
19810101 19811231   808.6
19820101 19821231   314.2
19830101 19831231   679.8
19840101 19841231   606.3
19850101 19851231   606.5
19860101 19861231   503.6
19870101 19871231   412.2
19880101 19881231  1229.9
19890101 19891231   755.8
19900101 19901231   955.4
19910101 19911231 99999.9
19920101 19921231 99999.9
19930101 19931231   542.0
19940101 19941231   430.5
19950101 19951231   511.1
19960101 19961231   452.6
19970101 19971231   840.4
19980101 19981231 99999.9
19990101 19991231 99999.9
20000101 20001231 99999.9
20010101 20011231 99999.9
20020101 20021231   436.8
20030101 20031231 99999.9
20040101 20041231   266.0
20050101 20051231 99999.9
20060101 20061231 99999.9
20070101 20071231 99999.9
20080101 20081231 99999.9
20090101 20091231 99999.9
20100101 20101231 99999.9
20110101 20111231   799.2
20120101 20121231   796.5
20130101 20131231   772.0
20140101 20141231   474.9
20150101 20151231   330.7
20160101 20161231   607.6
20170101 20171231   653.1
