PRCP       042023 18850101 20171231 missing_value=99999.9 MILES POST OFFICE                         
18850101 18851231   464.0
18860101 18861231  1007.3
18870101 18871231   706.4
18880101 18881231   388.0
18890101 18891231   828.0
18900101 18901231  1164.7
18910101 18911231   776.2
18920101 18921231   795.2
18930101 18931231   793.4
18940101 18941231   694.8
18950101 18951231   621.9
18960101 18961231   580.0
18970101 18971231   595.5
18980101 18981231   607.6
18990101 18991231   664.0
19000101 19001231   549.5
19010101 19011231   493.3
19020101 19021231   389.9
19030101 19031231   940.7
19040101 19041231   631.4
19050101 19051231   494.8
19060101 19061231   943.2
19070101 19071231   507.5
19080101 19081231   567.2
19090101 19091231   688.1
19100101 19101231   970.9
19110101 19111231   563.8
19120101 19121231   701.6
19130101 19131231   525.5
19140101 19141231   530.4
19150101 19151231   258.8
19160101 19161231   847.4
19170101 19171231   939.5
19180101 19181231   374.5
19190101 19191231   246.4
19200101 19201231   619.0
19210101 19211231   623.0
19220101 19221231   401.5
19230101 19231231   429.6
19240101 19241231   989.9
19250101 19251231   571.3
19260101 19261231   600.2
19270101 19271231   763.5
19280101 19281231   584.9
19290101 19291231   603.8
19300101 19301231   600.2
19310101 19311231   743.9
19320101 19321231   433.7
19330101 19331231   884.5
19340101 19341231   890.1
19350101 19351231   460.5
19360101 19361231   479.5
19370101 19371231   674.5
19380101 19381231   716.4
19390101 19391231   565.3
19400101 19401231   597.4
19410101 19411231   641.9
19420101 19421231   885.4
19430101 19431231   671.7
19440101 19441231   475.0
19450101 19451231   673.5
19460101 19461231   514.7
19470101 19471231   773.8
19480101 19481231   618.4
19490101 19491231   632.0
19500101 19501231   852.9
19510101 19511231   530.8
19520101 19521231   742.5
19530101 19531231   561.6
19540101 19541231  1058.9
19550101 19551231   825.0
19560101 19561231  1178.5
19570101 19571231   358.0
19580101 19581231   829.8
19590101 19591231   773.2
19600101 19601231   483.3
19610101 19611231   927.8
19620101 19621231   660.2
19630101 19631231   465.0
19640101 19641231   547.4
19650101 19651231   500.4
19660101 19661231   690.0
19670101 19671231   585.6
19680101 19681231   621.5
19690101 19691231   492.9
19700101 19701231   765.1
19710101 19711231   871.5
19720101 19721231   730.2
19730101 19731231   774.4
19740101 19741231   628.2
19750101 19751231   639.9
19760101 19761231   661.2
19770101 19771231   517.8
19780101 19781231   694.7
19790101 19791231   535.5
19800101 19801231   560.6
19810101 19811231   871.3
19820101 19821231   607.9
19830101 19831231  1008.6
19840101 19841231   904.6
19850101 19851231   639.6
19860101 19861231   490.4
19870101 19871231   562.4
19880101 19881231   774.9
19890101 19891231   775.4
19900101 19901231   574.8
19910101 19911231   386.2
19920101 19921231   535.2
19930101 19931231   415.8
19940101 19941231   536.6
19950101 19951231   724.9
19960101 19961231   908.2
19970101 19971231   583.4
19980101 19981231   963.8
19990101 19991231   565.6
20000101 20001231   458.2
20010101 20011231   452.0
20020101 20021231   568.2
20030101 20031231   661.2
20040101 20041231   636.0
20050101 20051231 99999.9
20060101 20061231   346.0
20070101 20071231   574.2
20080101 20081231   589.6
20090101 20091231   439.3
20100101 20101231  1084.6
20110101 20111231   681.6
20120101 20121231   545.4
20130101 20131231 99999.9
20140101 20141231   618.0
20150101 20151231 99999.9
20160101 20161231   524.4
20170101 20171231   464.6
