PRCP       016040 19100101 20131231 missing_value=99999.9 ROXBY DOWNS STATION                       
19100101 19101231   197.9
19110101 19111231   103.7
19120101 19121231   125.6
19130101 19131231   161.6
19140101 19141231   125.1
19150101 19151231   102.2
19160101 19161231   214.6
19170101 19171231   236.6
19180101 19181231    72.6
19190101 19191231   151.7
19200101 19201231   349.1
19210101 19211231   329.3
19220101 19221231   166.2
19230101 19231231   106.7
19240101 19241231   167.5
19250101 19251231    97.3
19260101 19261231   157.1
19270101 19271231   128.3
19280101 19281231    75.9
19290101 19291231    87.2
19300101 19301231   215.4
19310101 19311231   102.2
19320101 19321231   144.9
19330101 19331231   113.7
19340101 19341231   124.5
19350101 19351231   115.3
19360101 19361231    67.6
19370101 19371231   158.8
19380101 19381231   185.4
19390101 19391231   267.9
19400101 19401231    33.0
19410101 19411231   149.0
19420101 19421231    62.8
19430101 19431231    47.2
19440101 19441231    52.2
19450101 19451231   156.8
19460101 19461231   356.9
19470101 19471231   302.8
19480101 19481231    76.4
19490101 19491231   268.6
19500101 19501231   254.9
19510101 19511231    95.5
19520101 19521231   129.8
19530101 19531231   211.8
19540101 19541231   107.1
19550101 19551231   228.8
19560101 19561231   132.7
19570101 19571231    88.3
19580101 19581231   166.9
19590101 19591231   111.2
19600101 19601231   133.7
19610101 19611231    74.9
19620101 19621231   103.2
19630101 19631231   136.3
19640101 19641231   164.1
19650101 19651231    91.9
19660101 19661231   205.6
19670101 19671231    78.5
19680101 19681231   316.2
19690101 19691231   192.3
19700101 19701231    79.1
19710101 19711231   198.9
19720101 19721231    78.2
19730101 19731231   371.5
19740101 19741231   581.3
19750101 19751231   300.0
19760101 19761231   179.2
19770101 19771231    83.2
19780101 19781231   143.8
19790101 19791231   266.4
19800101 19801231    95.4
19810101 19811231   247.0
19820101 19821231    97.6
19830101 19831231   126.0
19840101 19841231   146.4
19850101 19851231   113.4
19860101 19861231   198.0
19870101 19871231   164.6
19880101 19881231   203.2
19890101 19891231   408.1
19900101 19901231   105.8
19910101 19911231 99999.9
19920101 19921231   352.4
19930101 19931231 99999.9
19940101 19941231 99999.9
19950101 19951231 99999.9
19960101 19961231   124.8
19970101 19971231   215.8
19980101 19981231   212.0
19990101 19991231    81.2
20000101 20001231   126.6
20010101 20011231   280.8
20020101 20021231    57.2
20030101 20031231   219.6
20040101 20041231   170.2
20050101 20051231   147.4
20060101 20061231    88.2
20070101 20071231   219.9
20080101 20081231   148.2
20090101 20091231   154.8
20100101 20101231   345.8
20110101 20111231   317.2
20120101 20121231    86.2
20130101 20131231   142.6
