PRCP       018058 19110101 20161231 missing_value=99999.9 MULLAQUANA                                
19110101 19111231   248.0
19120101 19121231   240.2
19130101 19131231   151.0
19140101 19141231   188.1
19150101 19151231   199.6
19160101 19161231   317.6
19170101 19171231   364.3
19180101 19181231   168.4
19190101 19191231   246.2
19200101 19201231   327.5
19210101 19211231   381.8
19220101 19221231   154.8
19230101 19231231   207.8
19240101 19241231   236.8
19250101 19251231   243.2
19260101 19261231   269.7
19270101 19271231   144.4
19280101 19281231   214.8
19290101 19291231   135.2
19300101 19301231   264.1
19310101 19311231   178.4
19320101 19321231   220.9
19330101 19331231   195.2
19340101 19341231   213.3
19350101 19351231   240.4
19360101 19361231   173.0
19370101 19371231   264.5
19380101 19381231   242.4
19390101 19391231   231.8
19400101 19401231    98.4
19410101 19411231   271.5
19420101 19421231   317.7
19430101 19431231   129.1
19440101 19441231   162.0
19450101 19451231   201.1
19460101 19461231   436.9
19470101 19471231   275.2
19480101 19481231   144.4
19490101 19491231   246.5
19500101 19501231   211.1
19510101 19511231   202.1
19520101 19521231   327.4
19530101 19531231   119.5
19540101 19541231   205.9
19550101 19551231   276.2
19560101 19561231   212.5
19570101 19571231   134.1
19580101 19581231   211.3
19590101 19591231   120.9
19600101 19601231   254.9
19610101 19611231   292.3
19620101 19621231   228.0
19630101 19631231   396.5
19640101 19641231   185.8
19650101 19651231   186.0
19660101 19661231   306.0
19670101 19671231   138.7
19680101 19681231   349.5
19690101 19691231   314.5
19700101 19701231   179.3
19710101 19711231   256.8
19720101 19721231   178.8
19730101 19731231   530.3
19740101 19741231   550.4
19750101 19751231   287.0
19760101 19761231   204.8
19770101 19771231   134.9
19780101 19781231   311.3
19790101 19791231   476.0
19800101 19801231   190.9
19810101 19811231   169.3
19820101 19821231   142.5
19830101 19831231   280.8
19840101 19841231   226.8
19850101 19851231   235.3
19860101 19861231 99999.9
19870101 19871231 99999.9
19880101 19881231   190.5
19890101 19891231   317.0
19900101 19901231   211.3
19910101 19911231   208.0
19920101 19921231   456.4
19930101 19931231   364.8
19940101 19941231   172.9
19950101 19951231   304.8
19960101 19961231   250.1
19970101 19971231   393.9
19980101 19981231   337.2
19990101 19991231 99999.9
20000101 20001231   230.8
20010101 20011231   378.1
20020101 20021231   127.8
20030101 20031231   304.0
20040101 20041231   154.6
20050101 20051231   288.9
20060101 20061231   192.3
20070101 20071231   247.2
20080101 20081231   190.9
20090101 20091231   244.8
20100101 20101231   403.2
20110101 20111231   400.2
20120101 20121231 99999.9
20130101 20131231   278.6
20140101 20141231   342.2
20150101 20151231   303.4
20160101 20161231   457.2
