PRCP       005014 18870101 20171231 missing_value=99999.9 MOUNT FLORANCE                            
18870101 18871231   416.8
18880101 18881231   324.0
18890101 18891231   355.6
18900101 18901231   321.4
18910101 18911231   139.9
18920101 18921231   161.8
18930101 18931231   562.2
18940101 18941231   760.7
18950101 18951231   413.8
18960101 18961231   384.8
18970101 18971231   338.6
18980101 18981231   387.7
18990101 18991231   284.0
19000101 19001231   666.3
19010101 19011231   370.4
19020101 19021231   416.5
19030101 19031231   392.9
19040101 19041231   402.1
19050101 19051231   207.2
19060101 19061231   241.3
19070101 19071231   426.9
19080101 19081231   271.9
19090101 19091231   618.9
19100101 19101231   363.8
19110101 19111231   248.9
19120101 19121231   362.0
19130101 19131231   309.2
19140101 19141231   239.4
19150101 19151231   490.9
19160101 19161231   302.2
19170101 19171231   858.9
19180101 19181231   441.6
19190101 19191231   229.4
19200101 19201231   449.5
19210101 19211231   335.9
19220101 19221231   305.2
19230101 19231231   290.4
19240101 19241231   100.6
19250101 19251231   300.1
19260101 19261231   190.7
19270101 19271231   374.4
19280101 19281231   303.6
19290101 19291231   406.9
19300101 19301231   309.3
19310101 19311231   644.3
19320101 19321231   159.3
19330101 19331231   223.9
19340101 19341231   495.6
19350101 19351231   208.2
19360101 19361231   103.0
19370101 19371231   407.9
19380101 19381231   275.0
19390101 19391231   332.7
19400101 19401231   195.4
19410101 19411231   288.8
19420101 19421231   533.2
19430101 19431231   371.9
19440101 19441231   155.6
19450101 19451231   409.8
19460101 19461231   331.3
19470101 19471231   366.8
19480101 19481231   354.8
19490101 19491231   182.2
19500101 19501231   259.7
19510101 19511231   282.8
19520101 19521231   318.9
19530101 19531231   202.9
19540101 19541231   358.7
19550101 19551231   561.3
19560101 19561231   351.5
19570101 19571231   280.6
19580101 19581231   492.5
19590101 19591231   223.1
19600101 19601231   357.1
19610101 19611231   683.1
19620101 19621231   206.5
19630101 19631231   524.5
19640101 19641231   318.1
19650101 19651231   415.7
19660101 19661231   455.4
19670101 19671231   341.7
19680101 19681231   404.2
19690101 19691231   146.4
19700101 19701231   250.4
19710101 19711231   594.7
19720101 19721231    92.3
19730101 19731231   764.9
19740101 19741231   408.4
19750101 19751231   612.0
19760101 19761231   330.0
19770101 19771231   236.5
19780101 19781231   365.8
19790101 19791231   339.4
19800101 19801231   452.4
19810101 19811231   314.0
19820101 19821231   527.1
19830101 19831231   210.0
19840101 19841231   772.5
19850101 19851231   341.0
19860101 19861231   328.8
19870101 19871231   320.4
19880101 19881231   465.8
19890101 19891231   335.0
19900101 19901231   206.8
19910101 19911231   331.5
19920101 19921231   250.5
19930101 19931231   582.5
19940101 19941231   240.4
19950101 19951231   650.0
19960101 19961231   352.9
19970101 19971231   674.0
19980101 19981231   334.9
19990101 19991231   926.7
20000101 20001231   870.0
20010101 20011231   614.0
20020101 20021231   159.0
20030101 20031231   263.0
20040101 20041231   577.0
20050101 20051231   279.5
20060101 20061231   798.0
20070101 20071231   281.0
20080101 20081231 99999.9
20090101 20091231   254.6
20100101 20101231   229.0
20110101 20111231   541.0
20120101 20121231 99999.9
20130101 20131231 99999.9
20140101 20141231   456.3
20150101 20151231   594.8
20160101 20161231   362.2
20170101 20171231   352.6
