PRCP       003027 19100101 20171231 missing_value=99999.9 FOSSIL DOWNS                              
19100101 19101231   381.6
19110101 19111231   413.6
19120101 19121231   426.3
19130101 19131231   479.2
19140101 19141231   848.6
19150101 19151231   514.9
19160101 19161231   592.2
19170101 19171231   654.5
19180101 19181231   752.5
19190101 19191231   365.8
19200101 19201231   430.6
19210101 19211231   376.1
19220101 19221231   495.1
19230101 19231231   552.4
19240101 19241231   328.7
19250101 19251231   430.2
19260101 19261231   702.7
19270101 19271231   716.1
19280101 19281231   412.2
19290101 19291231   220.9
19300101 19301231   467.0
19310101 19311231   232.9
19320101 19321231   389.5
19330101 19331231   283.7
19340101 19341231   627.2
19350101 19351231   354.6
19360101 19361231   325.5
19370101 19371231   525.0
19380101 19381231   358.1
19390101 19391231   481.8
19400101 19401231   345.7
19410101 19411231   430.4
19420101 19421231   581.3
19430101 19431231   572.3
19440101 19441231   439.3
19450101 19451231   368.5
19460101 19461231   333.2
19470101 19471231   374.2
19480101 19481231   442.3
19490101 19491231   584.8
19500101 19501231   496.8
19510101 19511231   464.8
19520101 19521231   117.2
19530101 19531231   301.8
19540101 19541231   498.0
19550101 19551231   407.4
19560101 19561231   505.8
19570101 19571231   575.2
19580101 19581231   236.6
19590101 19591231   346.8
19600101 19601231   403.6
19610101 19611231   276.0
19620101 19621231   672.2
19630101 19631231   545.6
19640101 19641231   129.8
19650101 19651231   363.7
19660101 19661231   295.5
19670101 19671231   727.3
19680101 19681231   563.9
19690101 19691231   675.7
19700101 19701231   391.2
19710101 19711231   579.9
19720101 19721231   242.9
19730101 19731231   691.9
19740101 19741231   976.2
19750101 19751231   519.5
19760101 19761231   667.8
19770101 19771231   264.1
19780101 19781231   927.8
19790101 19791231   473.4
19800101 19801231   537.3
19810101 19811231   622.7
19820101 19821231   819.1
19830101 19831231   579.0
19840101 19841231  1048.8
19850101 19851231   497.0
19860101 19861231   736.3
19870101 19871231   684.2
19880101 19881231   335.6
19890101 19891231   395.6
19900101 19901231   311.9
19910101 19911231   757.0
19920101 19921231   233.2
19930101 19931231   896.1
19940101 19941231   576.0
19950101 19951231   890.0
19960101 19961231   725.1
19970101 19971231   561.2
19980101 19981231   614.5
19990101 19991231   537.3
20000101 20001231   882.2
20010101 20011231   849.5
20020101 20021231   554.7
20030101 20031231   615.9
20040101 20041231   845.5
20050101 20051231   533.4
20060101 20061231   632.8
20070101 20071231   686.8
20080101 20081231   832.2
20090101 20091231 99999.9
20100101 20101231   670.5
20110101 20111231  1087.3
20120101 20121231   774.0
20130101 20131231   726.1
20140101 20141231   593.5
20150101 20151231 99999.9
20160101 20161231   837.2
20170101 20171231   735.2
