PRCP       007057 18950101 20081231 missing_value=99999.9 MOUNT MAGNET                              
18950101 18951231    93.9
18960101 18961231   190.0
18970101 18971231   158.6
18980101 18981231   157.5
18990101 18991231    83.6
19000101 19001231   348.5
19010101 19011231   152.0
19020101 19021231   145.5
19030101 19031231   208.6
19040101 19041231   275.9
19050101 19051231   173.3
19060101 19061231   183.4
19070101 19071231   206.5
19080101 19081231   301.0
19090101 19091231   385.6
19100101 19101231   228.5
19110101 19111231    73.4
19120101 19121231   132.4
19130101 19131231   275.5
19140101 19141231   214.3
19150101 19151231   642.0
19160101 19161231   294.6
19170101 19171231   361.5
19180101 19181231   526.6
19190101 19191231   198.8
19200101 19201231   180.4
19210101 19211231   257.4
19220101 19221231   162.6
19230101 19231231   267.2
19240101 19241231   133.6
19250101 19251231   300.7
19260101 19261231   366.8
19270101 19271231   258.7
19280101 19281231   172.0
19290101 19291231   236.3
19300101 19301231   191.7
19310101 19311231   246.5
19320101 19321231   234.3
19330101 19331231   316.8
19340101 19341231   271.1
19350101 19351231   125.0
19360101 19361231   165.0
19370101 19371231   226.4
19380101 19381231   150.0
19390101 19391231   192.0
19400101 19401231    82.3
19410101 19411231   247.8
19420101 19421231   472.5
19430101 19431231   157.7
19440101 19441231    84.8
19450101 19451231   161.3
19460101 19461231   138.0
19470101 19471231   327.7
19480101 19481231   288.0
19490101 19491231   175.1
19500101 19501231    82.1
19510101 19511231   245.2
19520101 19521231   107.0
19530101 19531231   251.1
19540101 19541231   105.1
19550101 19551231   323.2
19560101 19561231   153.2
19570101 19571231   160.4
19580101 19581231   278.1
19590101 19591231   100.4
19600101 19601231   494.5
19610101 19611231   116.2
19620101 19621231   231.6
19630101 19631231   544.5
19640101 19641231   216.6
19650101 19651231   298.3
19660101 19661231   149.2
19670101 19671231   261.4
19680101 19681231   283.6
19690101 19691231   102.1
19700101 19701231   203.8
19710101 19711231   218.2
19720101 19721231   151.6
19730101 19731231   238.5
19740101 19741231   347.5
19750101 19751231   601.6
19760101 19761231   143.8
19770101 19771231   148.4
19780101 19781231   278.6
19790101 19791231    90.4
19800101 19801231   360.4
19810101 19811231   169.8
19820101 19821231   237.0
19830101 19831231   226.4
19840101 19841231   308.8
19850101 19851231   222.4
19860101 19861231   275.3
19870101 19871231   298.1
19880101 19881231 99999.9
19890101 19891231   280.6
19900101 19901231   192.2
19910101 19911231   147.8
19920101 19921231   590.2
19930101 19931231   255.8
19940101 19941231   130.4
19950101 19951231   374.6
19960101 19961231   286.6
19970101 19971231 99999.9
19980101 19981231 99999.9
19990101 19991231 99999.9
20000101 20001231 99999.9
20010101 20011231 99999.9
20020101 20021231 99999.9
20030101 20031231   185.4
20040101 20041231   249.9
20050101 20051231   200.5
20060101 20061231   406.9
20070101 20071231   128.6
20080101 20081231   248.1
