PRCP       016022 19060101 20171231 missing_value=99999.9 KONDOOLKA                                 
19060101 19061231   185.0
19070101 19071231   207.5
19080101 19081231   293.4
19090101 19091231   232.9
19100101 19101231   305.4
19110101 19111231   185.6
19120101 19121231   302.9
19130101 19131231   310.7
19140101 19141231   133.2
19150101 19151231   204.1
19160101 19161231   374.6
19170101 19171231   309.8
19180101 19181231   191.0
19190101 19191231   187.6
19200101 19201231   313.0
19210101 19211231   361.6
19220101 19221231   149.7
19230101 19231231   216.8
19240101 19241231   275.3
19250101 19251231   214.6
19260101 19261231   243.6
19270101 19271231   175.4
19280101 19281231   108.9
19290101 19291231   142.5
19300101 19301231   253.0
19310101 19311231   323.9
19320101 19321231   305.6
19330101 19331231   198.1
19340101 19341231   206.8
19350101 19351231   259.7
19360101 19361231   174.1
19370101 19371231   273.8
19380101 19381231   353.6
19390101 19391231   272.1
19400101 19401231   154.7
19410101 19411231   265.9
19420101 19421231   290.3
19430101 19431231   210.3
19440101 19441231   174.8
19450101 19451231   221.7
19460101 19461231   398.8
19470101 19471231   312.2
19480101 19481231   153.5
19490101 19491231   305.9
19500101 19501231   345.1
19510101 19511231   398.4
19520101 19521231   335.9
19530101 19531231   210.0
19540101 19541231   187.8
19550101 19551231   291.7
19560101 19561231   312.2
19570101 19571231   161.8
19580101 19581231   372.5
19590101 19591231   188.8
19600101 19601231   298.4
19610101 19611231   232.1
19620101 19621231   266.6
19630101 19631231   303.4
19640101 19641231   248.7
19650101 19651231   150.4
19660101 19661231   387.5
19670101 19671231   155.2
19680101 19681231   549.7
19690101 19691231   337.6
19700101 19701231   194.4
19710101 19711231   299.9
19720101 19721231   161.1
19730101 19731231   549.1
19740101 19741231   537.5
19750101 19751231   330.0
19760101 19761231   330.1
19770101 19771231   266.3
19780101 19781231   309.5
19790101 19791231   357.6
19800101 19801231   268.5
19810101 19811231   301.6
19820101 19821231   156.2
19830101 19831231   245.7
19840101 19841231   267.3
19850101 19851231   206.4
19860101 19861231   250.6
19870101 19871231   249.0
19880101 19881231   154.2
19890101 19891231 99999.9
19900101 19901231   283.4
19910101 19911231   262.4
19920101 19921231   471.8
19930101 19931231   284.4
19940101 19941231 99999.9
19950101 19951231   283.2
19960101 19961231   242.8
19970101 19971231 99999.9
19980101 19981231   284.4
19990101 19991231   250.0
20000101 20001231   299.6
20010101 20011231   335.9
20020101 20021231   171.3
20030101 20031231   249.5
20040101 20041231   237.7
20050101 20051231 99999.9
20060101 20061231   159.0
20070101 20071231   307.1
20080101 20081231   196.8
20090101 20091231   333.0
20100101 20101231   350.2
20110101 20111231   321.5
20120101 20121231 99999.9
20130101 20131231   285.7
20140101 20141231 99999.9
20150101 20151231   225.8
20160101 20161231   344.6
20170101 20171231   236.6
