PRCP       032032 18910101 20161231 missing_value=99999.9 MACKNADE SUGAR MILL                       
18910101 18911231  3506.9
18920101 18921231  1870.1
18930101 18931231  1938.8
18940101 18941231  4781.0
18950101 18951231  1600.1
18960101 18961231  2975.1
18970101 18971231  1867.3
18980101 18981231  1381.1
18990101 18991231  2059.3
19000101 19001231  1628.0
19010101 19011231  3330.9
19020101 19021231   835.3
19030101 19031231  3717.0
19040101 19041231  1665.8
19050101 19051231  1328.2
19060101 19061231  3218.2
19070101 19071231  2204.7
19080101 19081231  1861.3
19090101 19091231  2106.8
19100101 19101231  2315.3
19110101 19111231  2301.6
19120101 19121231  2020.6
19130101 19131231  2353.7
19140101 19141231  2797.8
19150101 19151231  1754.0
19160101 19161231  2362.5
19170101 19171231  2721.2
19180101 19181231  2085.0
19190101 19191231   945.5
19200101 19201231  2470.1
19210101 19211231  2080.1
19220101 19221231  1828.0
19230101 19231231   809.3
19240101 19241231  1511.5
19250101 19251231  2041.3
19260101 19261231  1374.0
19270101 19271231  3130.2
19280101 19281231  2176.8
19290101 19291231  2337.0
19300101 19301231  2717.0
19310101 19311231  1588.4
19320101 19321231  1715.1
19330101 19331231  2697.9
19340101 19341231  1591.1
19350101 19351231  1353.2
19360101 19361231  2706.4
19370101 19371231  2049.3
19380101 19381231  2167.6
19390101 19391231  2223.0
19400101 19401231  2179.3
19410101 19411231  2796.8
19420101 19421231  2021.7
19430101 19431231  1143.4
19440101 19441231  1469.1
19450101 19451231  2777.4
19460101 19461231  1584.3
19470101 19471231  2222.5
19480101 19481231  1338.2
19490101 19491231  2330.6
19500101 19501231  3695.4
19510101 19511231  1222.3
19520101 19521231  1799.3
19530101 19531231  2621.0
19540101 19541231  3344.5
19550101 19551231  2960.9
19560101 19561231  3080.3
19570101 19571231  1875.4
19580101 19581231  1750.8
19590101 19591231  2774.0
19600101 19601231  2188.7
19610101 19611231   967.3
19620101 19621231  2683.1
19630101 19631231  2588.6
19640101 19641231  3133.2
19650101 19651231  2295.0
19660101 19661231  1488.9
19670101 19671231  1669.2
19680101 19681231  1733.9
19690101 19691231  1454.1
19700101 19701231  2254.5
19710101 19711231  1835.8
19720101 19721231  2479.9
19730101 19731231  2530.6
19740101 19741231  3187.7
19750101 19751231  2266.5
19760101 19761231  2076.9
19770101 19771231  2998.2
19780101 19781231  2311.8
19790101 19791231  2434.0
19800101 19801231  1694.1
19810101 19811231  3410.1
19820101 19821231  2041.8
19830101 19831231  1689.4
19840101 19841231  2028.1
19850101 19851231  1546.6
19860101 19861231  1763.9
19870101 19871231  1123.5
19880101 19881231  1393.1
19890101 19891231  2299.1
19900101 19901231  1782.6
19910101 19911231  2353.1
19920101 19921231  1102.5
19930101 19931231  1653.1
19940101 19941231  2084.6
19950101 19951231  1493.0
19960101 19961231  1419.1
19970101 19971231  2373.2
19980101 19981231 99999.9
19990101 19991231 99999.9
20000101 20001231  3487.6
20010101 20011231 99999.9
20020101 20021231   937.4
20030101 20031231  1340.0
20040101 20041231  1666.8
20050101 20051231  1313.6
20060101 20061231  2670.0
20070101 20071231  2282.9
20080101 20081231  1689.6
20090101 20091231  3171.5
20100101 20101231  3889.3
20110101 20111231  2925.0
20120101 20121231  3155.6
20130101 20131231  1598.2
20140101 20141231  1802.7
20150101 20151231 99999.9
20160101 20161231  2096.2
