PRCP       016027 19100101 20141231 missing_value=99999.9 MCDOUALL PEAK                             
19100101 19101231   291.6
19110101 19111231   117.5
19120101 19121231   167.2
19130101 19131231   180.4
19140101 19141231    71.4
19150101 19151231   104.4
19160101 19161231   200.7
19170101 19171231   253.3
19180101 19181231   113.8
19190101 19191231   158.9
19200101 19201231   382.8
19210101 19211231   287.8
19220101 19221231   202.4
19230101 19231231    90.2
19240101 19241231   112.2
19250101 19251231    57.5
19260101 19261231   172.6
19270101 19271231   131.6
19280101 19281231    70.3
19290101 19291231    48.5
19300101 19301231   160.3
19310101 19311231   119.2
19320101 19321231   199.1
19330101 19331231   107.6
19340101 19341231    78.8
19350101 19351231   152.4
19360101 19361231    88.4
19370101 19371231   113.6
19380101 19381231   188.3
19390101 19391231   219.1
19400101 19401231    67.6
19410101 19411231   143.2
19420101 19421231   128.6
19430101 19431231   121.2
19440101 19441231    55.6
19450101 19451231   261.3
19460101 19461231   180.0
19470101 19471231   129.6
19480101 19481231   136.4
19490101 19491231   170.1
19500101 19501231   213.7
19510101 19511231    77.3
19520101 19521231   166.5
19530101 19531231   130.5
19540101 19541231   229.0
19550101 19551231   249.7
19560101 19561231   152.5
19570101 19571231    87.2
19580101 19581231   219.7
19590101 19591231   124.8
19600101 19601231   117.3
19610101 19611231    46.6
19620101 19621231    77.0
19630101 19631231   105.4
19640101 19641231    75.9
19650101 19651231    94.9
19660101 19661231   212.9
19670101 19671231    45.1
19680101 19681231   185.2
19690101 19691231   239.4
19700101 19701231    53.5
19710101 19711231   184.9
19720101 19721231    72.9
19730101 19731231   403.8
19740101 19741231   309.9
19750101 19751231   167.2
19760101 19761231   178.7
19770101 19771231    91.8
19780101 19781231   196.0
19790101 19791231   276.4
19800101 19801231   126.2
19810101 19811231   224.2
19820101 19821231    84.0
19830101 19831231    88.6
19840101 19841231   131.6
19850101 19851231   144.8
19860101 19861231   128.0
19870101 19871231 99999.9
19880101 19881231   164.2
19890101 19891231   309.8
19900101 19901231   160.2
19910101 19911231   100.1
19920101 19921231   325.2
19930101 19931231   185.8
19940101 19941231    83.8
19950101 19951231   152.0
19960101 19961231   137.4
19970101 19971231   218.4
19980101 19981231   236.8
19990101 19991231   117.1
20000101 20001231   113.3
20010101 20011231   125.4
20020101 20021231    29.0
20030101 20031231 99999.9
20040101 20041231   164.6
20050101 20051231    96.1
20060101 20061231    76.8
20070101 20071231   192.5
20080101 20081231   104.2
20090101 20091231    98.5
20100101 20101231   241.6
20110101 20111231 99999.9
20120101 20121231 99999.9
20130101 20131231 99999.9
20140101 20141231   111.4
