PRCP       053018 18800101 20171231 missing_value=99999.9 CROPPA CREEK (KRUI PLAINS)                
18800101 18801231   505.3
18810101 18811231   440.5
18820101 18821231   536.8
18830101 18831231   437.7
18840101 18841231   379.4
18850101 18851231   404.0
18860101 18861231   855.7
18870101 18871231   778.4
18880101 18881231   609.5
18890101 18891231   706.6
18900101 18901231   893.2
18910101 18911231   694.7
18920101 18921231   723.5
18930101 18931231   690.6
18940101 18941231  1097.2
18950101 18951231   428.2
18960101 18961231   574.8
18970101 18971231   638.6
18980101 18981231   354.8
18990101 18991231   524.1
19000101 19001231   560.9
19010101 19011231   501.3
19020101 19021231   201.0
19030101 19031231   798.7
19040101 19041231   546.7
19050101 19051231   416.3
19060101 19061231   549.6
19070101 19071231   571.4
19080101 19081231   685.4
19090101 19091231   678.5
19100101 19101231   686.5
19110101 19111231   533.9
19120101 19121231   484.7
19130101 19131231   648.3
19140101 19141231   648.2
19150101 19151231   329.9
19160101 19161231   904.3
19170101 19171231   634.8
19180101 19181231   374.2
19190101 19191231   375.8
19200101 19201231   645.9
19210101 19211231   923.4
19220101 19221231   453.1
19230101 19231231   284.0
19240101 19241231   808.6
19250101 19251231   316.6
19260101 19261231   435.2
19270101 19271231   501.4
19280101 19281231   583.1
19290101 19291231   444.8
19300101 19301231   484.8
19310101 19311231   691.1
19320101 19321231   462.7
19330101 19331231   613.5
19340101 19341231   682.4
19350101 19351231   311.0
19360101 19361231   522.1
19370101 19371231   566.0
19380101 19381231   610.3
19390101 19391231   455.4
19400101 19401231   414.0
19410101 19411231   434.6
19420101 19421231   560.5
19430101 19431231   508.5
19440101 19441231   335.3
19450101 19451231   470.8
19460101 19461231   439.5
19470101 19471231   751.3
19480101 19481231   592.9
19490101 19491231   601.9
19500101 19501231  1026.3
19510101 19511231   398.3
19520101 19521231   652.9
19530101 19531231   616.3
19540101 19541231   753.0
19550101 19551231   718.8
19560101 19561231   787.6
19570101 19571231   380.4
19580101 19581231   696.7
19590101 19591231   819.8
19600101 19601231   509.1
19610101 19611231   622.9
19620101 19621231   731.2
19630101 19631231   871.8
19640101 19641231   502.3
19650101 19651231   274.2
19660101 19661231   506.4
19670101 19671231   349.6
19680101 19681231   555.8
19690101 19691231   552.1
19700101 19701231   830.4
19710101 19711231   676.5
19720101 19721231   543.3
19730101 19731231   697.8
19740101 19741231   489.7
19750101 19751231   602.4
19760101 19761231   876.2
19770101 19771231   570.4
19780101 19781231   752.4
19790101 19791231   500.6
19800101 19801231   362.6
19810101 19811231   470.1
19820101 19821231   467.0
19830101 19831231   828.8
19840101 19841231   832.4
19850101 19851231   615.2
19860101 19861231   434.9
19870101 19871231   522.6
19880101 19881231   850.6
19890101 19891231   680.4
19900101 19901231   491.6
19910101 19911231   496.8
19920101 19921231   486.6
19930101 19931231   547.0
19940101 19941231   404.2
19950101 19951231   779.4
19960101 19961231   911.4
19970101 19971231 99999.9
19980101 19981231   880.8
19990101 19991231 99999.9
20000101 20001231   602.4
20010101 20011231   613.4
20020101 20021231   356.0
20030101 20031231   533.8
20040101 20041231   904.2
20050101 20051231   520.2
20060101 20061231   434.4
20070101 20071231 99999.9
20080101 20081231 99999.9
20090101 20091231 99999.9
20100101 20101231   756.0
20110101 20111231   884.4
20120101 20121231 99999.9
20130101 20131231   510.2
20140101 20141231   380.6
20150101 20151231   563.3
20160101 20161231   551.8
20170101 20171231   512.7
