PRCP       018063 19070101 20171231 missing_value=99999.9 PENONG                                    
19070101 19071231   262.6
19080101 19081231   325.9
19090101 19091231   300.5
19100101 19101231   256.7
19110101 19111231   302.7
19120101 19121231   293.4
19130101 19131231   388.9
19140101 19141231   183.1
19150101 19151231   328.6
19160101 19161231   490.8
19170101 19171231   454.0
19180101 19181231   247.9
19190101 19191231   266.8
19200101 19201231   349.4
19210101 19211231   456.8
19220101 19221231   339.9
19230101 19231231   373.2
19240101 19241231   327.2
19250101 19251231   257.2
19260101 19261231   167.4
19270101 19271231   242.0
19280101 19281231   181.3
19290101 19291231   205.4
19300101 19301231   219.2
19310101 19311231   539.8
19320101 19321231   426.9
19330101 19331231   324.1
19340101 19341231   268.9
19350101 19351231   364.2
19360101 19361231   261.6
19370101 19371231   351.1
19380101 19381231   363.1
19390101 19391231   365.1
19400101 19401231   288.6
19410101 19411231   350.7
19420101 19421231   404.1
19430101 19431231   240.2
19440101 19441231   251.0
19450101 19451231   323.6
19460101 19461231   289.0
19470101 19471231   371.7
19480101 19481231   279.8
19490101 19491231   349.0
19500101 19501231   359.7
19510101 19511231   424.8
19520101 19521231   369.3
19530101 19531231   372.6
19540101 19541231   344.1
19550101 19551231   391.7
19560101 19561231   506.4
19570101 19571231   274.5
19580101 19581231   393.2
19590101 19591231   175.5
19600101 19601231   435.5
19610101 19611231   236.8
19620101 19621231   269.8
19630101 19631231   288.8
19640101 19641231   358.3
19650101 19651231   186.5
19660101 19661231   458.1
19670101 19671231   210.4
19680101 19681231   547.0
19690101 19691231   349.5
19700101 19701231   227.0
19710101 19711231   470.9
19720101 19721231   265.9
19730101 19731231   501.8
19740101 19741231   449.0
19750101 19751231   389.8
19760101 19761231   324.5
19770101 19771231   210.8
19780101 19781231   449.6
19790101 19791231   427.3
19800101 19801231   290.8
19810101 19811231   368.0
19820101 19821231   192.3
19830101 19831231   416.0
19840101 19841231   332.4
19850101 19851231   206.3
19860101 19861231   331.6
19870101 19871231 99999.9
19880101 19881231   203.2
19890101 19891231   361.4
19900101 19901231   265.3
19910101 19911231   247.0
19920101 19921231   465.1
19930101 19931231   308.2
19940101 19941231   156.9
19950101 19951231   312.2
19960101 19961231   283.4
19970101 19971231   345.1
19980101 19981231   280.0
19990101 19991231   231.7
20000101 20001231   284.5
20010101 20011231 99999.9
20020101 20021231   173.8
20030101 20031231   311.2
20040101 20041231   309.0
20050101 20051231 99999.9
20060101 20061231   246.0
20070101 20071231 99999.9
20080101 20081231 99999.9
20090101 20091231 99999.9
20100101 20101231   365.0
20110101 20111231 99999.9
20120101 20121231 99999.9
20130101 20131231   286.4
20140101 20141231   333.6
20150101 20151231   241.0
20160101 20161231   362.6
20170101 20171231   313.4
