PRCP       020005 19120101 20141231 missing_value=99999.9 ERUDINA                                   
19120101 19121231   277.8
19130101 19131231   122.8
19140101 19141231   131.9
19150101 19151231    64.0
19160101 19161231   135.1
19170101 19171231   199.2
19180101 19181231   181.7
19190101 19191231   129.1
19200101 19201231   310.1
19210101 19211231   299.7
19220101 19221231    59.2
19230101 19231231   152.6
19240101 19241231   182.5
19250101 19251231   119.5
19260101 19261231   169.2
19270101 19271231    78.7
19280101 19281231   121.1
19290101 19291231    90.6
19300101 19301231   214.0
19310101 19311231   145.5
19320101 19321231   167.1
19330101 19331231   137.8
19340101 19341231   199.2
19350101 19351231   104.2
19360101 19361231   174.0
19370101 19371231   303.4
19380101 19381231   124.2
19390101 19391231   278.6
19400101 19401231    23.9
19410101 19411231   148.1
19420101 19421231   139.7
19430101 19431231    73.5
19440101 19441231    96.7
19450101 19451231   165.8
19460101 19461231   240.2
19470101 19471231   171.5
19480101 19481231   126.2
19490101 19491231   198.8
19500101 19501231   383.2
19510101 19511231    98.6
19520101 19521231   167.6
19530101 19531231   137.9
19540101 19541231   137.8
19550101 19551231   411.0
19560101 19561231   233.6
19570101 19571231   163.3
19580101 19581231   249.1
19590101 19591231   101.3
19600101 19601231   114.0
19610101 19611231   170.2
19620101 19621231   224.2
19630101 19631231   177.1
19640101 19641231   157.6
19650101 19651231    61.3
19660101 19661231   151.9
19670101 19671231    73.6
19680101 19681231   345.5
19690101 19691231   169.8
19700101 19701231   153.9
19710101 19711231   430.4
19720101 19721231   157.8
19730101 19731231   476.2
19740101 19741231   597.4
19750101 19751231   278.2
19760101 19761231   320.8
19770101 19771231    80.6
19780101 19781231   238.2
19790101 19791231   245.0
19800101 19801231   202.2
19810101 19811231   211.1
19820101 19821231    70.4
19830101 19831231   266.8
19840101 19841231   193.8
19850101 19851231   111.0
19860101 19861231   174.8
19870101 19871231   161.6
19880101 19881231   228.4
19890101 19891231   349.2
19900101 19901231   334.6
19910101 19911231    86.8
19920101 19921231   366.5
19930101 19931231   222.2
19940101 19941231    91.2
19950101 19951231   229.8
19960101 19961231   138.4
19970101 19971231   259.0
19980101 19981231   179.2
19990101 19991231 99999.9
20000101 20001231 99999.9
20010101 20011231   187.0
20020101 20021231    51.8
20030101 20031231   188.8
20040101 20041231   169.4
20050101 20051231   190.0
20060101 20061231    92.0
20070101 20071231   140.4
20080101 20081231   103.8
20090101 20091231   241.8
20100101 20101231   368.8
20110101 20111231   262.9
20120101 20121231   189.2
20130101 20131231   154.1
20140101 20141231   224.6
