PRCP       020020 19020101 20171231 missing_value=99999.9 PANARAMITEE                               
19020101 19021231    73.6
19030101 19031231   204.8
19040101 19041231   200.9
19050101 19051231    95.8
19060101 19061231   188.7
19070101 19071231   214.1
19080101 19081231   206.3
19090101 19091231   171.6
19100101 19101231   296.9
19110101 19111231   256.3
19120101 19121231   227.2
19130101 19131231   257.4
19140101 19141231   153.5
19150101 19151231   101.5
19160101 19161231   182.0
19170101 19171231   390.7
19180101 19181231   174.3
19190101 19191231   278.5
19200101 19201231   392.5
19210101 19211231   327.1
19220101 19221231   140.0
19230101 19231231   177.4
19240101 19241231   178.9
19250101 19251231   128.5
19260101 19261231   187.5
19270101 19271231    93.9
19280101 19281231   116.0
19290101 19291231   119.5
19300101 19301231   147.2
19310101 19311231   196.8
19320101 19321231   132.1
19330101 19331231   155.5
19340101 19341231   125.8
19350101 19351231   167.0
19360101 19361231   196.4
19370101 19371231   298.7
19380101 19381231   163.7
19390101 19391231   278.8
19400101 19401231    87.4
19410101 19411231   261.3
19420101 19421231   186.2
19430101 19431231   182.3
19440101 19441231   158.1
19450101 19451231   279.0
19460101 19461231   305.4
19470101 19471231   311.3
19480101 19481231   132.4
19490101 19491231   298.0
19500101 19501231   495.7
19510101 19511231   219.0
19520101 19521231   339.7
19530101 19531231   213.8
19540101 19541231   242.3
19550101 19551231   409.4
19560101 19561231   238.0
19570101 19571231   134.8
19580101 19581231   264.6
19590101 19591231   110.4
19600101 19601231   171.6
19610101 19611231   145.8
19620101 19621231   246.2
19630101 19631231   147.5
19640101 19641231   200.1
19650101 19651231    90.9
19660101 19661231   198.5
19670101 19671231    55.9
19680101 19681231   285.2
19690101 19691231   263.1
19700101 19701231   261.6
19710101 19711231   210.0
19720101 19721231   203.0
19730101 19731231   483.6
19740101 19741231   513.0
19750101 19751231   331.6
19760101 19761231   227.0
19770101 19771231   106.0
19780101 19781231   251.8
19790101 19791231   279.0
19800101 19801231   219.8
19810101 19811231   271.4
19820101 19821231    63.0
19830101 19831231   222.2
19840101 19841231   221.4
19850101 19851231   144.0
19860101 19861231   239.2
19870101 19871231   308.3
19880101 19881231   197.0
19890101 19891231   300.4
19900101 19901231 99999.9
19910101 19911231   189.0
19920101 19921231   436.6
19930101 19931231   333.6
19940101 19941231   154.4
19950101 19951231 99999.9
19960101 19961231   178.0
19970101 19971231   279.8
19980101 19981231   229.8
19990101 19991231 99999.9
20000101 20001231   361.0
20010101 20011231   170.8
20020101 20021231    88.2
20030101 20031231 99999.9
20040101 20041231   160.6
20050101 20051231 99999.9
20060101 20061231   147.0
20070101 20071231   328.8
20080101 20081231   138.4
20090101 20091231 99999.9
20100101 20101231   372.6
20110101 20111231   442.4
20120101 20121231   201.0
20130101 20131231   185.6
20140101 20141231   194.4
20150101 20151231   278.4
20160101 20161231   266.0
20170101 20171231   211.0
