PRCP       044002 18900101 20161231 missing_value=99999.9 AUGATHELLA POST OFFICE                    
18900101 18901231  1275.4
18910101 18911231   847.8
18920101 18921231   537.8
18930101 18931231   458.0
18940101 18941231  1007.9
18950101 18951231   537.2
18960101 18961231   575.8
18970101 18971231   301.3
18980101 18981231   421.3
18990101 18991231   335.2
19000101 19001231   252.3
19010101 19011231   436.1
19020101 19021231   297.6
19030101 19031231   665.2
19040101 19041231   590.9
19050101 19051231   455.5
19060101 19061231   929.8
19070101 19071231   493.6
19080101 19081231   401.2
19090101 19091231   568.7
19100101 19101231   978.9
19110101 19111231   442.2
19120101 19121231   497.8
19130101 19131231   719.4
19140101 19141231   590.5
19150101 19151231   263.7
19160101 19161231   786.1
19170101 19171231   793.3
19180101 19181231   538.9
19190101 19191231   304.7
19200101 19201231   674.2
19210101 19211231   863.1
19220101 19221231   245.5
19230101 19231231   392.6
19240101 19241231   985.4
19250101 19251231   617.0
19260101 19261231   415.1
19270101 19271231   540.7
19280101 19281231   599.5
19290101 19291231   314.1
19300101 19301231   406.8
19310101 19311231   593.4
19320101 19321231   266.8
19330101 19331231   731.9
19340101 19341231   324.8
19350101 19351231   199.5
19360101 19361231   633.7
19370101 19371231   364.3
19380101 19381231   457.0
19390101 19391231   641.3
19400101 19401231   378.3
19410101 19411231   723.7
19420101 19421231   350.2
19430101 19431231   376.5
19440101 19441231   296.7
19450101 19451231   347.2
19460101 19461231   200.8
19470101 19471231   454.8
19480101 19481231   331.0
19490101 19491231   677.5
19500101 19501231   888.5
19510101 19511231   267.5
19520101 19521231   355.2
19530101 19531231   367.0
19540101 19541231   708.5
19550101 19551231   870.0
19560101 19561231  1129.9
19570101 19571231   370.4
19580101 19581231   454.2
19590101 19591231   465.2
19600101 19601231   510.8
19610101 19611231   633.6
19620101 19621231   603.7
19630101 19631231   580.2
19640101 19641231   495.6
19650101 19651231   229.0
19660101 19661231   405.6
19670101 19671231   422.3
19680101 19681231   428.2
19690101 19691231   468.3
19700101 19701231   345.9
19710101 19711231   608.4
19720101 19721231   312.4
19730101 19731231   689.0
19740101 19741231   631.8
19750101 19751231   583.6
19760101 19761231   558.1
19770101 19771231   689.8
19780101 19781231   845.4
19790101 19791231   404.0
19800101 19801231   455.2
19810101 19811231   901.8
19820101 19821231   297.0
19830101 19831231   772.1
19840101 19841231   594.6
19850101 19851231   438.3
19860101 19861231   369.6
19870101 19871231   596.8
19880101 19881231   395.6
19890101 19891231   563.2
19900101 19901231   589.4
19910101 19911231   289.9
19920101 19921231   391.8
19930101 19931231   473.2
19940101 19941231   463.5
19950101 19951231   374.8
19960101 19961231   550.0
19970101 19971231   813.4
19980101 19981231   627.1
19990101 19991231   789.0
20000101 20001231   714.8
20010101 20011231   383.3
20020101 20021231   283.1
20030101 20031231   542.5
20040101 20041231   630.5
20050101 20051231   385.9
20060101 20061231   378.2
20070101 20071231 99999.9
20080101 20081231 99999.9
20090101 20091231 99999.9
20100101 20101231  1111.9
20110101 20111231   534.0
20120101 20121231   770.8
20130101 20131231 99999.9
20140101 20141231 99999.9
20150101 20151231   284.9
20160101 20161231   657.9
