PRCP       077030 18870101 20151231 missing_value=99999.9 NARRAPORT                                 
18870101 18871231   593.7
18880101 18881231   245.7
18890101 18891231   580.5
18900101 18901231   453.9
18910101 18911231   432.5
18920101 18921231   387.3
18930101 18931231   415.5
18940101 18941231   456.9
18950101 18951231   239.5
18960101 18961231   251.5
18970101 18971231   224.3
18980101 18981231   287.9
18990101 18991231   301.7
19000101 19001231   271.2
19010101 19011231   227.2
19020101 19021231   156.8
19030101 19031231   359.3
19040101 19041231   281.0
19050101 19051231   266.3
19060101 19061231   295.9
19070101 19071231   221.7
19080101 19081231   363.8
19090101 19091231   421.9
19100101 19101231   430.8
19110101 19111231   491.7
19120101 19121231   377.3
19130101 19131231   318.3
19140101 19141231   217.1
19150101 19151231   347.6
19160101 19161231   523.8
19170101 19171231   481.8
19180101 19181231   335.9
19190101 19191231   267.3
19200101 19201231   386.1
19210101 19211231   433.6
19220101 19221231   265.9
19230101 19231231   354.8
19240101 19241231   431.4
19250101 19251231   273.2
19260101 19261231   280.5
19270101 19271231   207.9
19280101 19281231   320.7
19290101 19291231   202.6
19300101 19301231   417.4
19310101 19311231   433.4
19320101 19321231   422.9
19330101 19331231   476.4
19340101 19341231   355.3
19350101 19351231   341.6
19360101 19361231   369.4
19370101 19371231   343.7
19380101 19381231   162.5
19390101 19391231   457.5
19400101 19401231   183.7
19410101 19411231   350.5
19420101 19421231   357.9
19430101 19431231   172.0
19440101 19441231   157.1
19450101 19451231   286.0
19460101 19461231   410.1
19470101 19471231   389.2
19480101 19481231   300.2
19490101 19491231   325.6
19500101 19501231   515.6
19510101 19511231   353.6
19520101 19521231   448.8
19530101 19531231   315.5
19540101 19541231   355.9
19550101 19551231   495.3
19560101 19561231   608.4
19570101 19571231   290.3
19580101 19581231   381.6
19590101 19591231   301.2
19600101 19601231   607.1
19610101 19611231   401.4
19620101 19621231   341.6
19630101 19631231   342.4
19640101 19641231   434.4
19650101 19651231   310.7
19660101 19661231   334.5
19670101 19671231   159.6
19680101 19681231   450.0
19690101 19691231   437.9
19700101 19701231   348.7
19710101 19711231   432.1
19720101 19721231   242.2
19730101 19731231   642.9
19740101 19741231   513.3
19750101 19751231   440.0
19760101 19761231   276.0
19770101 19771231   254.2
19780101 19781231   409.1
19790101 19791231   406.0
19800101 19801231   324.6
19810101 19811231   358.0
19820101 19821231    95.2
19830101 19831231   432.8
19840101 19841231   284.4
19850101 19851231   291.0
19860101 19861231   368.6
19870101 19871231   376.8
19880101 19881231   431.7
19890101 19891231   383.8
19900101 19901231   240.4
19910101 19911231 99999.9
19920101 19921231   518.4
19930101 19931231   392.8
19940101 19941231   170.6
19950101 19951231 99999.9
19960101 19961231   450.6
19970101 19971231   258.2
19980101 19981231   320.2
19990101 19991231   392.6
20000101 20001231   382.6
20010101 20011231   268.8
20020101 20021231   212.8
20030101 20031231   338.4
20040101 20041231   342.4
20050101 20051231   380.0
20060101 20061231   232.2
20070101 20071231   332.4
20080101 20081231   292.4
20090101 20091231   310.2
20100101 20101231   608.4
20110101 20111231 99999.9
20120101 20121231 99999.9
20130101 20131231   308.1
20140101 20141231   225.6
20150101 20151231   196.8
