PRCP       018023 19100101 20171231 missing_value=99999.9 CUMMINS                                   
19100101 19101231   675.5
19110101 19111231   498.0
19120101 19121231   558.4
19130101 19131231   314.8
19140101 19141231   318.5
19150101 19151231   497.7
19160101 19161231   564.9
19170101 19171231   619.3
19180101 19181231   360.8
19190101 19191231   332.0
19200101 19201231   555.1
19210101 19211231   452.5
19220101 19221231   411.5
19230101 19231231   535.9
19240101 19241231   402.2
19250101 19251231   428.9
19260101 19261231   484.5
19270101 19271231   374.6
19280101 19281231   356.2
19290101 19291231   417.5
19300101 19301231   330.7
19310101 19311231   393.1
19320101 19321231   560.5
19330101 19331231   440.6
19340101 19341231   441.5
19350101 19351231   511.5
19360101 19361231   319.1
19370101 19371231   498.5
19380101 19381231   476.7
19390101 19391231   477.5
19400101 19401231   390.7
19410101 19411231   417.3
19420101 19421231   549.6
19430101 19431231   415.3
19440101 19441231   296.9
19450101 19451231   410.4
19460101 19461231   572.6
19470101 19471231   541.3
19480101 19481231   350.4
19490101 19491231   370.3
19500101 19501231   351.1
19510101 19511231   489.2
19520101 19521231   485.8
19530101 19531231   411.6
19540101 19541231   319.5
19550101 19551231   558.4
19560101 19561231   635.4
19570101 19571231   204.0
19580101 19581231   393.7
19590101 19591231   227.5
19600101 19601231   517.1
19610101 19611231   374.5
19620101 19621231   327.8
19630101 19631231   488.6
19640101 19641231   546.2
19650101 19651231   302.7
19660101 19661231   517.1
19670101 19671231   279.9
19680101 19681231   636.8
19690101 19691231   393.9
19700101 19701231   379.0
19710101 19711231   613.7
19720101 19721231   457.0
19730101 19731231   504.2
19740101 19741231   470.0
19750101 19751231   400.2
19760101 19761231   300.3
19770101 19771231   325.8
19780101 19781231   448.4
19790101 19791231   527.6
19800101 19801231   360.1
19810101 19811231   481.0
19820101 19821231   289.2
19830101 19831231   480.5
19840101 19841231   396.9
19850101 19851231   353.0
19860101 19861231   390.8
19870101 19871231   352.6
19880101 19881231   372.4
19890101 19891231   403.3
19900101 19901231   472.5
19910101 19911231   313.1
19920101 19921231   686.0
19930101 19931231   318.2
19940101 19941231   227.0
19950101 19951231   439.1
19960101 19961231   455.1
19970101 19971231   349.5
19980101 19981231   320.8
19990101 19991231 99999.9
20000101 20001231   477.0
20010101 20011231   459.8
20020101 20021231 99999.9
20030101 20031231 99999.9
20040101 20041231 99999.9
20050101 20051231   477.4
20060101 20061231   336.2
20070101 20071231 99999.9
20080101 20081231 99999.9
20090101 20091231   453.8
20100101 20101231   496.6
20110101 20111231 99999.9
20120101 20121231   304.4
20130101 20131231   470.0
20140101 20141231 99999.9
20150101 20151231   359.6
20160101 20161231 99999.9
20170101 20171231   401.0
