PRCP       008013 19070101 20161231 missing_value=99999.9 BOWGADA                                   
19070101 19071231   593.8
19080101 19081231   480.8
19090101 19091231   567.5
19100101 19101231   550.2
19110101 19111231   321.0
19120101 19121231   464.2
19130101 19131231   334.9
19140101 19141231   173.4
19150101 19151231   677.4
19160101 19161231   444.1
19170101 19171231   691.4
19180101 19181231   613.2
19190101 19191231   393.6
19200101 19201231   343.0
19210101 19211231   469.0
19220101 19221231   202.8
19230101 19231231   391.7
19240101 19241231   307.6
19250101 19251231   359.8
19260101 19261231   339.7
19270101 19271231   400.8
19280101 19281231   321.9
19290101 19291231   349.5
19300101 19301231   289.7
19310101 19311231   353.8
19320101 19321231   378.8
19330101 19331231   448.2
19340101 19341231   369.8
19350101 19351231   304.7
19360101 19361231   227.5
19370101 19371231   250.5
19380101 19381231   212.5
19390101 19391231   517.5
19400101 19401231   212.5
19410101 19411231   346.3
19420101 19421231   349.3
19430101 19431231   325.5
19440101 19441231   195.3
19450101 19451231   385.9
19460101 19461231   348.3
19470101 19471231   288.0
19480101 19481231   259.3
19490101 19491231   368.6
19500101 19501231   247.0
19510101 19511231   392.0
19520101 19521231   200.8
19530101 19531231   318.4
19540101 19541231   170.3
19550101 19551231   230.5
19560101 19561231   171.4
19570101 19571231   233.1
19580101 19581231   466.6
19590101 19591231   236.4
19600101 19601231   291.7
19610101 19611231   377.1
19620101 19621231   343.7
19630101 19631231   396.3
19640101 19641231   348.8
19650101 19651231   361.3
19660101 19661231   323.2
19670101 19671231   302.0
19680101 19681231   427.5
19690101 19691231   236.0
19700101 19701231   384.6
19710101 19711231   364.2
19720101 19721231   264.7
19730101 19731231   321.0
19740101 19741231   416.6
19750101 19751231   494.0
19760101 19761231   199.3
19770101 19771231   181.6
19780101 19781231   329.3
19790101 19791231   145.0
19800101 19801231   207.3
19810101 19811231   306.2
19820101 19821231   267.9
19830101 19831231   296.1
19840101 19841231   495.8
19850101 19851231   198.4
19860101 19861231   371.4
19870101 19871231   275.7
19880101 19881231   415.7
19890101 19891231   310.6
19900101 19901231   386.0
19910101 19911231 99999.9
19920101 19921231   433.5
19930101 19931231   296.0
19940101 19941231   264.7
19950101 19951231   386.9
19960101 19961231   407.9
19970101 19971231   342.0
19980101 19981231   349.9
19990101 19991231   546.9
20000101 20001231   359.2
20010101 20011231   401.5
20020101 20021231   194.4
20030101 20031231   268.9
20040101 20041231   203.4
20050101 20051231   318.9
20060101 20061231   267.0
20070101 20071231   174.1
20080101 20081231   350.1
20090101 20091231   400.7
20100101 20101231   228.4
20110101 20111231   491.0
20120101 20121231   292.4
20130101 20131231 99999.9
20140101 20141231   298.7
20150101 20151231   330.4
20160101 20161231   319.3
