PRCP       055045 19030101 20171231 missing_value=99999.9 CURLEWIS (PINE CLIFF)                     
19030101 19031231   600.6
19040101 19041231   671.8
19050101 19051231   532.7
19060101 19061231   626.8
19070101 19071231   468.7
19080101 19081231   750.3
19090101 19091231   760.5
19100101 19101231   489.4
19110101 19111231   627.6
19120101 19121231   365.2
19130101 19131231   521.4
19140101 19141231   503.3
19150101 19151231   410.6
19160101 19161231   704.4
19170101 19171231   650.1
19180101 19181231   329.3
19190101 19191231   430.3
19200101 19201231   682.6
19210101 19211231   763.4
19220101 19221231   471.6
19230101 19231231   338.1
19240101 19241231   587.7
19250101 19251231   319.9
19260101 19261231   585.6
19270101 19271231   397.8
19280101 19281231   586.2
19290101 19291231   469.9
19300101 19301231   499.7
19310101 19311231   654.2
19320101 19321231   413.3
19330101 19331231   663.7
19340101 19341231   650.0
19350101 19351231   396.4
19360101 19361231   553.8
19370101 19371231   541.3
19380101 19381231   464.9
19390101 19391231   422.1
19400101 19401231   331.2
19410101 19411231   550.0
19420101 19421231   531.9
19430101 19431231   463.5
19440101 19441231   345.5
19450101 19451231   515.2
19460101 19461231   243.0
19470101 19471231   779.3
19480101 19481231   488.2
19490101 19491231   695.8
19500101 19501231  1063.2
19510101 19511231   269.6
19520101 19521231   582.4
19530101 19531231   445.7
19540101 19541231   577.6
19550101 19551231   796.3
19560101 19561231   724.3
19570101 19571231   332.4
19580101 19581231   542.9
19590101 19591231   608.1
19600101 19601231   627.3
19610101 19611231   710.6
19620101 19621231   658.3
19630101 19631231   715.6
19640101 19641231   641.1
19650101 19651231   384.1
19660101 19661231   597.9
19670101 19671231   474.9
19680101 19681231   671.5
19690101 19691231   964.7
19700101 19701231   703.1
19710101 19711231   668.9
19720101 19721231   651.3
19730101 19731231   821.8
19740101 19741231   579.3
19750101 19751231   588.2
19760101 19761231   840.4
19770101 19771231   849.4
19780101 19781231   758.8
19790101 19791231   419.4
19800101 19801231   468.8
19810101 19811231   493.8
19820101 19821231   357.6
19830101 19831231   800.6
19840101 19841231   750.8
19850101 19851231   519.0
19860101 19861231   528.8
19870101 19871231   650.0
19880101 19881231   827.2
19890101 19891231   818.4
19900101 19901231   664.6
19910101 19911231   700.6
19920101 19921231   705.0
19930101 19931231   774.2
19940101 19941231   351.7
19950101 19951231   569.0
19960101 19961231   678.8
19970101 19971231   757.6
19980101 19981231   936.8
19990101 19991231   777.8
20000101 20001231   886.6
20010101 20011231   532.0
20020101 20021231   370.2
20030101 20031231   536.8
20040101 20041231   730.2
20050101 20051231   588.2
20060101 20061231   411.6
20070101 20071231   715.4
20080101 20081231   701.9
20090101 20091231   554.6
20100101 20101231 99999.9
20110101 20111231   485.3
20120101 20121231 99999.9
20130101 20131231 99999.9
20140101 20141231 99999.9
20150101 20151231 99999.9
20160101 20161231   610.1
20170101 20171231   549.3
