PRCP       098000 19100101 20171231 missing_value=99999.9 CITY OF MELBOURNE BAY                     
19100101 19101231  1447.1
19110101 19111231   981.0
19120101 19121231   921.6
19130101 19131231   993.5
19140101 19141231   739.7
19150101 19151231  1017.6
19160101 19161231   923.5
19170101 19171231  1145.9
19180101 19181231   955.7
19190101 19191231   886.2
19200101 19201231   799.4
19210101 19211231   841.5
19220101 19221231   936.5
19230101 19231231  1268.9
19240101 19241231  1042.4
19250101 19251231   681.4
19260101 19261231   965.5
19270101 19271231   717.3
19280101 19281231  1106.7
19290101 19291231  1184.5
19300101 19301231   854.9
19310101 19311231  1052.8
19320101 19321231   834.8
19330101 19331231   846.5
19340101 19341231   980.3
19350101 19351231   956.9
19360101 19361231  1064.5
19370101 19371231  1142.5
19380101 19381231   905.5
19390101 19391231  1112.2
19400101 19401231   764.5
19410101 19411231   757.4
19420101 19421231  1111.6
19430101 19431231   863.9
19440101 19441231   986.8
19450101 19451231   966.8
19460101 19461231  1379.5
19470101 19471231  1384.4
19480101 19481231  1213.2
19490101 19491231   997.4
19500101 19501231   759.8
19510101 19511231  1232.5
19520101 19521231  1476.2
19530101 19531231  1218.2
19540101 19541231  1040.6
19550101 19551231  1109.2
19560101 19561231  1340.0
19570101 19571231   989.3
19580101 19581231  1086.3
19590101 19591231   745.7
19600101 19601231  1203.5
19610101 19611231   898.9
19620101 19621231  1012.8
19630101 19631231   953.3
19640101 19641231  1187.3
19650101 19651231   905.9
19660101 19661231  1060.1
19670101 19671231   870.2
19680101 19681231  1323.7
19690101 19691231  1062.6
19700101 19701231  1246.1
19710101 19711231  1447.0
19720101 19721231   850.9
19730101 19731231  1244.9
19740101 19741231  1067.8
19750101 19751231  1312.9
19760101 19761231   952.2
19770101 19771231  1019.2
19780101 19781231   967.8
19790101 19791231  1219.6
19800101 19801231   993.2
19810101 19811231   980.8
19820101 19821231   698.5
19830101 19831231  1030.0
19840101 19841231   937.0
19850101 19851231   953.8
19860101 19861231  1082.6
19870101 19871231   913.2
19880101 19881231  1001.6
19890101 19891231  1154.6
19900101 19901231  1032.4
19910101 19911231  1080.6
19920101 19921231  1223.6
19930101 19931231   899.0
19940101 19941231   951.0
19950101 19951231   901.2
19960101 19961231  1190.4
19970101 19971231   881.6
19980101 19981231 99999.9
19990101 19991231 99999.9
20000101 20001231  1178.2
20010101 20011231  1091.4
20020101 20021231  1003.2
20030101 20031231   931.6
20040101 20041231   949.6
20050101 20051231   929.8
20060101 20061231   774.6
20070101 20071231  1040.6
20080101 20081231   909.8
20090101 20091231  1086.2
20100101 20101231  1099.4
20110101 20111231   995.2
20120101 20121231  1060.8
20130101 20131231  1410.8
20140101 20141231   911.0
20150101 20151231   859.2
20160101 20161231  1340.8
20170101 20171231   937.2
