PRCP       032044 18900101 20101231 missing_value=99999.9 VALLEY OF LAGOONS                         
18900101 18901231  1024.4
18910101 18911231   786.4
18920101 18921231   430.6
18930101 18931231   617.4
18940101 18941231  1243.4
18950101 18951231   628.5
18960101 18961231   625.8
18970101 18971231   487.2
18980101 18981231   448.8
18990101 18991231   606.9
19000101 19001231   353.2
19010101 19011231   491.7
19020101 19021231   180.3
19030101 19031231  1038.2
19040101 19041231   812.7
19050101 19051231   397.5
19060101 19061231  1042.6
19070101 19071231   813.5
19080101 19081231   536.7
19090101 19091231   520.2
19100101 19101231   729.1
19110101 19111231   696.2
19120101 19121231   557.0
19130101 19131231   790.7
19140101 19141231   506.9
19150101 19151231   247.4
19160101 19161231   775.2
19170101 19171231   854.4
19180101 19181231   748.8
19190101 19191231   436.5
19200101 19201231   922.7
19210101 19211231   523.8
19220101 19221231   576.3
19230101 19231231   196.3
19240101 19241231   806.1
19250101 19251231   564.2
19260101 19261231   333.6
19270101 19271231   909.5
19280101 19281231   758.1
19290101 19291231   600.1
19300101 19301231   536.8
19310101 19311231   283.9
19320101 19321231   320.2
19330101 19331231   823.7
19340101 19341231   511.8
19350101 19351231   278.6
19360101 19361231   621.7
19370101 19371231   504.5
19380101 19381231   627.4
19390101 19391231   475.8
19400101 19401231   798.8
19410101 19411231   866.5
19420101 19421231   596.4
19430101 19431231   610.3
19440101 19441231   496.5
19450101 19451231   724.1
19460101 19461231   635.6
19470101 19471231   643.2
19480101 19481231   507.4
19490101 19491231   726.9
19500101 19501231   960.8
19510101 19511231   435.2
19520101 19521231   499.7
19530101 19531231   751.6
19540101 19541231   960.0
19550101 19551231   606.0
19560101 19561231  1518.6
19570101 19571231   707.5
19580101 19581231   577.9
19590101 19591231   558.4
19600101 19601231   602.5
19610101 19611231   480.8
19620101 19621231   573.6
19630101 19631231   654.2
19640101 19641231   661.5
19650101 19651231   739.1
19660101 19661231   296.7
19670101 19671231   694.4
19680101 19681231   737.5
19690101 19691231   341.1
19700101 19701231   727.3
19710101 19711231   786.1
19720101 19721231   876.9
19730101 19731231   919.6
19740101 19741231  1325.8
19750101 19751231   891.8
19760101 19761231   619.2
19770101 19771231   782.8
19780101 19781231   558.0
19790101 19791231   861.7
19800101 19801231   644.7
19810101 19811231  1215.0
19820101 19821231   407.0
19830101 19831231   472.2
19840101 19841231   874.8
19850101 19851231   505.0
19860101 19861231   683.9
19870101 19871231   508.6
19880101 19881231   467.8
19890101 19891231   950.6
19900101 19901231   493.8
19910101 19911231  1219.2
19920101 19921231   584.4
19930101 19931231   282.0
19940101 19941231   338.8
19950101 19951231   583.2
19960101 19961231   491.0
19970101 19971231   930.8
19980101 19981231   853.2
19990101 19991231   690.8
20000101 20001231  1129.0
20010101 20011231   420.5
20020101 20021231   417.5
20030101 20031231 99999.9
20040101 20041231 99999.9
20050101 20051231   414.0
20060101 20061231 99999.9
20070101 20071231 99999.9
20080101 20081231 99999.9
20090101 20091231 99999.9
20100101 20101231  1003.0
