PRCP       043026 19100101 20101231 missing_value=99999.9 NORMANDY                                  
19100101 19101231   841.2
19110101 19111231   632.0
19120101 19121231   520.4
19130101 19131231   605.5
19140101 19141231   612.3
19150101 19151231   223.8
19160101 19161231   626.2
19170101 19171231  1047.9
19180101 19181231   518.3
19190101 19191231   370.8
19200101 19201231   761.0
19210101 19211231  1044.4
19220101 19221231   355.9
19230101 19231231   216.3
19240101 19241231  1021.4
19250101 19251231   527.6
19260101 19261231   443.9
19270101 19271231   595.6
19280101 19281231   674.0
19290101 19291231   541.5
19300101 19301231   365.5
19310101 19311231   685.4
19320101 19321231   353.5
19330101 19331231   656.5
19340101 19341231   558.8
19350101 19351231   259.1
19360101 19361231   556.6
19370101 19371231   438.3
19380101 19381231   412.8
19390101 19391231   577.1
19400101 19401231   373.9
19410101 19411231   800.6
19420101 19421231   609.6
19430101 19431231   574.9
19440101 19441231   389.9
19450101 19451231   435.0
19460101 19461231   255.0
19470101 19471231   665.8
19480101 19481231   454.1
19490101 19491231   728.5
19500101 19501231  1207.2
19510101 19511231   256.5
19520101 19521231   528.8
19530101 19531231   605.7
19540101 19541231   993.5
19550101 19551231   801.5
19560101 19561231   970.1
19570101 19571231   282.5
19580101 19581231   576.2
19590101 19591231   645.6
19600101 19601231   354.4
19610101 19611231   605.6
19620101 19621231   560.1
19630101 19631231   787.2
19640101 19641231   588.4
19650101 19651231   367.7
19660101 19661231   402.8
19670101 19671231   580.2
19680101 19681231   466.7
19690101 19691231   523.8
19700101 19701231   572.7
19710101 19711231   811.1
19720101 19721231   416.9
19730101 19731231   605.1
19740101 19741231   598.2
19750101 19751231   627.7
19760101 19761231   417.3
19770101 19771231   553.5
19780101 19781231   737.4
19790101 19791231   331.6
19800101 19801231   424.6
19810101 19811231   588.0
19820101 19821231   501.4
19830101 19831231  1022.9
19840101 19841231   635.4
19850101 19851231   617.2
19860101 19861231   355.8
19870101 19871231 99999.9
19880101 19881231   628.4
19890101 19891231   617.3
19900101 19901231   610.4
19910101 19911231 99999.9
19920101 19921231   508.5
19930101 19931231   431.4
19940101 19941231   507.0
19950101 19951231 99999.9
19960101 19961231   658.6
19970101 19971231   643.6
19980101 19981231   680.8
19990101 19991231   642.9
20000101 20001231   605.4
20010101 20011231   362.4
20020101 20021231 99999.9
20030101 20031231   468.2
20040101 20041231 99999.9
20050101 20051231 99999.9
20060101 20061231 99999.9
20070101 20071231   546.6
20080101 20081231   452.3
20090101 20091231   364.2
20100101 20101231  1111.2
