PRCP       054004 18790101 20131231 missing_value=99999.9 BINGARA POST OFFICE                       
18790101 18791231  1236.6
18800101 18801231   586.5
18810101 18811231   618.9
18820101 18821231   709.7
18830101 18831231   739.7
18840101 18841231   575.6
18850101 18851231 99999.9
18860101 18861231  1099.9
18870101 18871231  1022.0
18880101 18881231   532.3
18890101 18891231   854.1
18900101 18901231  1141.7
18910101 18911231   849.2
18920101 18921231   912.9
18930101 18931231   827.8
18940101 18941231   962.0
18950101 18951231   718.1
18960101 18961231   778.6
18970101 18971231   727.7
18980101 18981231   404.3
18990101 18991231   672.2
19000101 19001231   676.9
19010101 19011231   676.0
19020101 19021231   456.8
19030101 19031231   965.9
19040101 19041231   782.1
19050101 19051231   625.7
19060101 19061231   788.5
19070101 19071231   767.0
19080101 19081231   759.8
19090101 19091231   876.8
19100101 19101231  1190.8
19110101 19111231   814.7
19120101 19121231   685.9
19130101 19131231   901.1
19140101 19141231   838.9
19150101 19151231   573.3
19160101 19161231  1215.2
19170101 19171231   928.5
19180101 19181231   449.1
19190101 19191231   461.0
19200101 19201231   836.8
19210101 19211231  1134.6
19220101 19221231   532.0
19230101 19231231   532.6
19240101 19241231   824.2
19250101 19251231   644.3
19260101 19261231   530.1
19270101 19271231   602.3
19280101 19281231   784.1
19290101 19291231   721.7
19300101 19301231   839.4
19310101 19311231  1095.4
19320101 19321231   644.0
19330101 19331231   838.2
19340101 19341231   878.4
19350101 19351231   507.5
19360101 19361231   550.6
19370101 19371231   708.8
19380101 19381231   590.4
19390101 19391231   538.8
19400101 19401231   481.4
19410101 19411231   589.6
19420101 19421231   694.2
19430101 19431231   683.8
19440101 19441231   394.8
19450101 19451231   560.2
19460101 19461231   511.5
19470101 19471231   782.5
19480101 19481231   688.5
19490101 19491231   708.5
19500101 19501231  1124.9
19510101 19511231   512.0
19520101 19521231   807.4
19530101 19531231   558.2
19540101 19541231   883.9
19550101 19551231   967.5
19560101 19561231  1072.7
19570101 19571231   478.0
19580101 19581231   707.8
19590101 19591231   976.3
19600101 19601231   556.2
19610101 19611231   725.1
19620101 19621231   801.9
19630101 19631231   733.0
19640101 19641231   821.2
19650101 19651231   374.9
19660101 19661231   699.2
19670101 19671231   481.8
19680101 19681231   823.8
19690101 19691231   778.5
19700101 19701231   859.2
19710101 19711231  1091.0
19720101 19721231   603.2
19730101 19731231   969.6
19740101 19741231   615.5
19750101 19751231   796.2
19760101 19761231   818.9
19770101 19771231   827.6
19780101 19781231   954.1
19790101 19791231   624.6
19800101 19801231   504.8
19810101 19811231   588.4
19820101 19821231   602.6
19830101 19831231  1051.3
19840101 19841231   903.6
19850101 19851231   770.5
19860101 19861231   532.6
19870101 19871231   814.1
19880101 19881231   884.4
19890101 19891231   631.5
19900101 19901231   617.8
19910101 19911231   798.4
19920101 19921231   464.1
19930101 19931231   663.5
19940101 19941231   508.1
19950101 19951231   863.1
19960101 19961231   819.0
19970101 19971231   826.7
19980101 19981231   865.0
19990101 19991231   851.4
20000101 20001231   783.4
20010101 20011231   755.2
20020101 20021231   493.5
20030101 20031231 99999.9
20040101 20041231   984.1
20050101 20051231   658.1
20060101 20061231   454.9
20070101 20071231   705.7
20080101 20081231 99999.9
20090101 20091231   522.9
20100101 20101231   905.9
20110101 20111231  1008.3
20120101 20121231   728.9
20130101 20131231   593.8
