PRCP       041079 19100101 20071231 missing_value=99999.9 PASSCHENDAELE                             
19100101 19101231   776.0
19110101 19111231   684.3
19120101 19121231   696.0
19130101 19131231   662.5
19140101 19141231   793.3
19150101 19151231   601.7
19160101 19161231   883.1
19170101 19171231  1053.6
19180101 19181231   557.8
19190101 19191231   442.8
19200101 19201231   786.2
19210101 19211231  1063.8
19220101 19221231   642.5
19230101 19231231   481.0
19240101 19241231   993.3
19250101 19251231   871.5
19260101 19261231   562.7
19270101 19271231   736.7
19280101 19281231  1035.9
19290101 19291231   718.7
19300101 19301231   791.4
19310101 19311231   744.7
19320101 19321231   595.5
19330101 19331231   955.3
19340101 19341231   858.9
19350101 19351231   550.9
19360101 19361231   502.2
19370101 19371231   726.7
19380101 19381231   629.8
19390101 19391231   779.5
19400101 19401231   610.6
19410101 19411231   657.7
19420101 19421231   788.3
19430101 19431231   901.6
19440101 19441231   677.1
19450101 19451231   958.0
19460101 19461231   887.4
19470101 19471231  1224.5
19480101 19481231   861.9
19490101 19491231   963.4
19500101 19501231  1278.6
19510101 19511231  1018.6
19520101 19521231   957.4
19530101 19531231   473.3
19540101 19541231  1031.9
19550101 19551231   828.5
19560101 19561231  1135.0
19570101 19571231   433.0
19580101 19581231   766.5
19590101 19591231  1161.7
19600101 19601231   660.0
19610101 19611231   811.5
19620101 19621231   818.9
19630101 19631231   751.1
19640101 19641231   762.0
19650101 19651231   576.1
19660101 19661231   708.2
19670101 19671231   747.4
19680101 19681231   940.9
19690101 19691231   700.0
19700101 19701231   756.7
19710101 19711231   796.8
19720101 19721231   848.1
19730101 19731231   745.7
19740101 19741231   850.1
19750101 19751231  1114.2
19760101 19761231  1004.4
19770101 19771231   628.7
19780101 19781231  1086.2
19790101 19791231   708.1
19800101 19801231   541.9
19810101 19811231   859.1
19820101 19821231   785.1
19830101 19831231  1143.2
19840101 19841231  1058.2
19850101 19851231   860.2
19860101 19861231   765.9
19870101 19871231  1062.0
19880101 19881231  1088.4
19890101 19891231 99999.9
19900101 19901231 99999.9
19910101 19911231 99999.9
19920101 19921231 99999.9
19930101 19931231 99999.9
19940101 19941231 99999.9
19950101 19951231 99999.9
19960101 19961231 99999.9
19970101 19971231   703.2
19980101 19981231   969.7
19990101 19991231   867.0
20000101 20001231   495.2
20010101 20011231   813.5
20020101 20021231   530.2
20030101 20031231   692.4
20040101 20041231 99999.9
20050101 20051231   801.2
20060101 20061231 99999.9
20070101 20071231   918.8
