PRCP       062021 18770101 20171231 missing_value=99999.9 MUDGEE (GEORGE STREET)                    
18770101 18771231   413.6
18780101 18781231   961.0
18790101 18791231   927.9
18800101 18801231   487.2
18810101 18811231   463.6
18820101 18821231   519.8
18830101 18831231   503.4
18840101 18841231   504.4
18850101 18851231   621.8
18860101 18861231   864.2
18870101 18871231   971.0
18880101 18881231   313.1
18890101 18891231   693.3
18900101 18901231   950.5
18910101 18911231   861.1
18920101 18921231   869.9
18930101 18931231   804.7
18940101 18941231   739.7
18950101 18951231   554.4
18960101 18961231   659.8
18970101 18971231   445.1
18980101 18981231   766.4
18990101 18991231   505.2
19000101 19001231   756.7
19010101 19011231   650.6
19020101 19021231   349.1
19030101 19031231   634.4
19040101 19041231   571.7
19050101 19051231   563.3
19060101 19061231   760.0
19070101 19071231   536.2
19080101 19081231   504.9
19090101 19091231   718.2
19100101 19101231   622.1
19110101 19111231   684.1
19120101 19121231   377.2
19130101 19131231   492.8
19140101 19141231   672.8
19150101 19151231   562.4
19160101 19161231   946.3
19170101 19171231   764.6
19180101 19181231   484.7
19190101 19191231   345.9
19200101 19201231   928.9
19210101 19211231   970.7
19220101 19221231   416.2
19230101 19231231   500.4
19240101 19241231   738.0
19250101 19251231   430.0
19260101 19261231   930.3
19270101 19271231   411.0
19280101 19281231   648.7
19290101 19291231   421.6
19300101 19301231   761.6
19310101 19311231   632.1
19320101 19321231   553.2
19330101 19331231   714.8
19340101 19341231   774.5
19350101 19351231   463.9
19360101 19361231   699.6
19370101 19371231   524.6
19380101 19381231   457.9
19390101 19391231   575.2
19400101 19401231   429.3
19410101 19411231   563.1
19420101 19421231   673.3
19430101 19431231   562.5
19440101 19441231   422.8
19450101 19451231   633.3
19460101 19461231   494.7
19470101 19471231   797.8
19480101 19481231   678.1
19490101 19491231   828.1
19500101 19501231  1442.5
19510101 19511231   609.2
19520101 19521231   771.1
19530101 19531231   494.6
19540101 19541231   740.7
19550101 19551231   975.9
19560101 19561231  1100.4
19570101 19571231   451.7
19580101 19581231   744.8
19590101 19591231   735.5
19600101 19601231   597.6
19610101 19611231   673.7
19620101 19621231   660.8
19630101 19631231   899.3
19640101 19641231   767.2
19650101 19651231   434.6
19660101 19661231   688.4
19670101 19671231   468.8
19680101 19681231   700.1
19690101 19691231   981.7
19700101 19701231   907.0
19710101 19711231   665.4
19720101 19721231   589.2
19730101 19731231  1273.9
19740101 19741231   615.0
19750101 19751231   601.1
19760101 19761231   763.7
19770101 19771231   528.9
19780101 19781231   929.0
19790101 19791231   559.5
19800101 19801231   457.8
19810101 19811231   831.0
19820101 19821231   302.4
19830101 19831231   827.7
19840101 19841231   827.0
19850101 19851231   654.1
19860101 19861231   549.1
19870101 19871231   717.2
19880101 19881231   643.9
19890101 19891231   764.1
19900101 19901231   920.1
19910101 19911231   699.8
19920101 19921231   757.3
19930101 19931231   678.7
19940101 19941231   427.1
19950101 19951231   639.8
19960101 19961231   982.6
19970101 19971231   500.6
19980101 19981231  1037.2
19990101 19991231   864.1
20000101 20001231  1036.2
20010101 20011231   630.6
20020101 20021231   482.6
20030101 20031231   877.2
20040101 20041231   626.2
20050101 20051231   888.2
20060101 20061231   347.0
20070101 20071231 99999.9
20080101 20081231   805.4
20090101 20091231   445.6
20100101 20101231 99999.9
20110101 20111231   565.4
20120101 20121231 99999.9
20130101 20131231   502.0
20140101 20141231   558.6
20150101 20151231   678.0
20160101 20161231   918.2
20170101 20171231   554.8
