PRCP       085046 18890101 20141231 missing_value=99999.9 LABERTOUCHE                               
18890101 18891231  1205.6
18900101 18901231   968.2
18910101 18911231   998.2
18920101 18921231   837.9
18930101 18931231  1012.8
18940101 18941231   851.2
18950101 18951231   779.7
18960101 18961231   763.4
18970101 18971231   872.0
18980101 18981231   805.5
18990101 18991231   882.8
19000101 19001231  1085.9
19010101 19011231   952.2
19020101 19021231   681.1
19030101 19031231   783.8
19040101 19041231   966.9
19050101 19051231  1147.4
19060101 19061231   910.6
19070101 19071231   953.2
19080101 19081231   706.4
19090101 19091231   992.8
19100101 19101231   895.6
19110101 19111231  1160.6
19120101 19121231   873.9
19130101 19131231   992.0
19140101 19141231   691.7
19150101 19151231   901.2
19160101 19161231  1086.1
19170101 19171231  1115.0
19180101 19181231   972.2
19190101 19191231   872.7
19200101 19201231   970.1
19210101 19211231   919.2
19220101 19221231   977.0
19230101 19231231  1034.0
19240101 19241231  1327.4
19250101 19251231   758.3
19260101 19261231   904.0
19270101 19271231   687.3
19280101 19281231  1036.2
19290101 19291231  1134.4
19300101 19301231   998.2
19310101 19311231  1084.7
19320101 19321231  1111.6
19330101 19331231   763.9
19340101 19341231  1115.8
19350101 19351231  1200.7
19360101 19361231  1050.2
19370101 19371231   794.2
19380101 19381231   669.0
19390101 19391231  1261.0
19400101 19401231   788.0
19410101 19411231   983.0
19420101 19421231   967.7
19430101 19431231   861.4
19440101 19441231   836.4
19450101 19451231   795.9
19460101 19461231  1292.9
19470101 19471231  1213.7
19480101 19481231   979.2
19490101 19491231   901.3
19500101 19501231   852.8
19510101 19511231  1101.0
19520101 19521231  1345.2
19530101 19531231  1122.1
19540101 19541231   881.2
19550101 19551231   994.3
19560101 19561231  1290.1
19570101 19571231   945.3
19580101 19581231  1028.2
19590101 19591231   899.0
19600101 19601231  1267.7
19610101 19611231   869.2
19620101 19621231   999.8
19630101 19631231   982.1
19640101 19641231  1147.6
19650101 19651231   849.1
19660101 19661231  1017.6
19670101 19671231   581.4
19680101 19681231   919.2
19690101 19691231   859.3
19700101 19701231  1170.2
19710101 19711231   943.0
19720101 19721231   723.7
19730101 19731231  1098.5
19740101 19741231  1025.0
19750101 19751231   961.9
19760101 19761231   853.1
19770101 19771231   917.4
19780101 19781231  1112.4
19790101 19791231   738.2
19800101 19801231   825.3
19810101 19811231   986.2
19820101 19821231   739.6
19830101 19831231   871.4
19840101 19841231  1006.8
19850101 19851231  1063.6
19860101 19861231   895.2
19870101 19871231   974.2
19880101 19881231   924.7
19890101 19891231   940.0
19900101 19901231   836.2
19910101 19911231   986.6
19920101 19921231   864.0
19930101 19931231  1025.4
19940101 19941231   779.3
19950101 19951231  1084.7
19960101 19961231  1073.9
19970101 19971231   628.1
19980101 19981231   790.9
19990101 19991231   817.7
20000101 20001231   863.9
20010101 20011231   836.3
20020101 20021231   664.0
20030101 20031231 99999.9
20040101 20041231   924.4
20050101 20051231 99999.9
20060101 20061231 99999.9
20070101 20071231 99999.9
20080101 20081231   697.2
20090101 20091231 99999.9
20100101 20101231   974.3
20110101 20111231  1053.5
20120101 20121231 99999.9
20130101 20131231 99999.9
20140101 20141231   807.2
