PRCP       015019 19040101 20151231 missing_value=99999.9 LAKE NASH                                 
19040101 19041231   708.8
19050101 19051231    95.9
19060101 19061231   412.8
19070101 19071231   526.4
19080101 19081231   186.0
19090101 19091231   272.6
19100101 19101231   446.6
19110101 19111231   243.9
19120101 19121231   256.7
19130101 19131231   245.4
19140101 19141231   275.1
19150101 19151231   291.6
19160101 19161231   354.7
19170101 19171231   308.7
19180101 19181231   523.4
19190101 19191231   276.9
19200101 19201231   376.2
19210101 19211231   368.9
19220101 19221231   173.0
19230101 19231231   236.2
19240101 19241231   190.9
19250101 19251231   242.7
19260101 19261231   172.5
19270101 19271231   240.0
19280101 19281231    76.8
19290101 19291231   151.3
19300101 19301231   303.2
19310101 19311231   156.1
19320101 19321231   166.6
19330101 19331231   353.4
19340101 19341231   280.7
19350101 19351231   158.7
19360101 19361231   441.2
19370101 19371231   241.5
19380101 19381231   225.3
19390101 19391231   340.8
19400101 19401231   295.9
19410101 19411231   530.0
19420101 19421231   293.3
19430101 19431231   300.2
19440101 19441231   461.2
19450101 19451231   217.7
19460101 19461231   396.3
19470101 19471231   278.8
19480101 19481231   222.6
19490101 19491231   307.7
19500101 19501231   732.0
19510101 19511231   153.6
19520101 19521231   153.9
19530101 19531231   559.7
19540101 19541231   169.6
19550101 19551231   368.1
19560101 19561231   409.3
19570101 19571231   304.9
19580101 19581231   196.6
19590101 19591231   179.7
19600101 19601231   263.8
19610101 19611231    99.8
19620101 19621231   351.5
19630101 19631231   169.3
19640101 19641231   206.8
19650101 19651231   115.4
19660101 19661231   269.9
19670101 19671231   281.9
19680101 19681231   362.0
19690101 19691231   202.2
19700101 19701231   132.9
19710101 19711231   568.5
19720101 19721231   160.5
19730101 19731231   344.9
19740101 19741231  1320.7
19750101 19751231   511.5
19760101 19761231   483.8
19770101 19771231   865.2
19780101 19781231   302.0
19790101 19791231   271.5
19800101 19801231   259.7
19810101 19811231   394.8
19820101 19821231   172.3
19830101 19831231   367.8
19840101 19841231   595.6
19850101 19851231   162.6
19860101 19861231   208.2
19870101 19871231   296.0
19880101 19881231   170.0
19890101 19891231   250.0
19900101 19901231   207.8
19910101 19911231   430.2
19920101 19921231   334.7
19930101 19931231   387.0
19940101 19941231   190.0
19950101 19951231   464.1
19960101 19961231   248.0
19970101 19971231   467.0
19980101 19981231 99999.9
19990101 19991231   333.1
20000101 20001231 99999.9
20010101 20011231   298.9
20020101 20021231   229.8
20030101 20031231   300.8
20040101 20041231   186.0
20050101 20051231   225.0
20060101 20061231   270.0
20070101 20071231   292.0
20080101 20081231    72.5
20090101 20091231   726.0
20100101 20101231   531.0
20110101 20111231   638.0
20120101 20121231   377.0
20130101 20131231    55.4
20140101 20141231   198.6
20150101 20151231   412.3
