PRCP       008106 19070101 20131231 missing_value=99999.9 PERANGERY                                 
19070101 19071231   560.5
19080101 19081231   454.0
19090101 19091231   535.8
19100101 19101231   467.3
19110101 19111231   132.3
19120101 19121231   327.3
19130101 19131231   285.6
19140101 19141231   132.4
19150101 19151231   512.9
19160101 19161231   381.5
19170101 19171231   637.4
19180101 19181231   504.4
19190101 19191231   371.5
19200101 19201231   324.7
19210101 19211231   429.9
19220101 19221231   198.6
19230101 19231231   377.0
19240101 19241231   289.5
19250101 19251231   355.6
19260101 19261231   328.6
19270101 19271231   433.9
19280101 19281231   300.4
19290101 19291231   280.9
19300101 19301231   261.9
19310101 19311231   391.8
19320101 19321231   430.8
19330101 19331231   394.7
19340101 19341231   416.6
19350101 19351231   352.2
19360101 19361231   236.4
19370101 19371231   264.1
19380101 19381231   234.7
19390101 19391231   463.6
19400101 19401231   160.8
19410101 19411231   326.7
19420101 19421231   332.7
19430101 19431231   403.3
19440101 19441231   186.4
19450101 19451231   324.4
19460101 19461231   355.3
19470101 19471231   342.1
19480101 19481231   267.1
19490101 19491231   339.6
19500101 19501231   274.1
19510101 19511231   506.5
19520101 19521231   230.5
19530101 19531231   373.2
19540101 19541231   183.0
19550101 19551231   226.4
19560101 19561231   234.3
19570101 19571231   218.5
19580101 19581231   493.5
19590101 19591231   237.1
19600101 19601231   300.0
19610101 19611231   307.0
19620101 19621231   287.6
19630101 19631231   414.8
19640101 19641231   329.5
19650101 19651231   348.8
19660101 19661231   243.7
19670101 19671231   232.6
19680101 19681231   381.1
19690101 19691231   237.6
19700101 19701231   285.5
19710101 19711231   306.3
19720101 19721231   242.9
19730101 19731231   246.8
19740101 19741231   373.4
19750101 19751231   375.4
19760101 19761231   207.1
19770101 19771231   156.2
19780101 19781231   324.5
19790101 19791231   105.1
19800101 19801231   180.6
19810101 19811231   259.0
19820101 19821231   230.6
19830101 19831231   264.0
19840101 19841231   511.5
19850101 19851231   214.3
19860101 19861231   346.6
19870101 19871231   222.6
19880101 19881231   398.8
19890101 19891231   259.3
19900101 19901231   317.6
19910101 19911231   227.1
19920101 19921231   417.6
19930101 19931231   372.3
19940101 19941231   207.7
19950101 19951231   291.6
19960101 19961231   375.5
19970101 19971231   342.4
19980101 19981231 99999.9
19990101 19991231   475.2
20000101 20001231   271.4
20010101 20011231   329.3
20020101 20021231   195.1
20030101 20031231   227.2
20040101 20041231   241.8
20050101 20051231   292.6
20060101 20061231   333.9
20070101 20071231   110.8
20080101 20081231   326.4
20090101 20091231   302.7
20100101 20101231   185.9
20110101 20111231 99999.9
20120101 20121231 99999.9
20130101 20131231   175.9
