PRCP       008147 19100101 20171231 missing_value=99999.9 YUNA                                      
19100101 19101231   403.5
19110101 19111231   156.7
19120101 19121231   374.2
19130101 19131231   317.0
19140101 19141231   188.1
19150101 19151231   537.5
19160101 19161231   334.5
19170101 19171231   666.9
19180101 19181231   371.5
19190101 19191231   392.6
19200101 19201231   402.6
19210101 19211231   468.0
19220101 19221231   193.9
19230101 19231231   503.0
19240101 19241231   291.8
19250101 19251231   416.5
19260101 19261231   393.9
19270101 19271231   487.7
19280101 19281231   298.6
19290101 19291231   299.1
19300101 19301231   332.4
19310101 19311231   347.4
19320101 19321231   428.8
19330101 19331231   380.5
19340101 19341231   545.8
19350101 19351231   313.0
19360101 19361231   210.7
19370101 19371231   283.9
19380101 19381231   255.7
19390101 19391231   439.7
19400101 19401231   220.0
19410101 19411231   300.9
19420101 19421231   291.5
19430101 19431231   253.7
19440101 19441231   239.6
19450101 19451231   467.4
19460101 19461231   393.3
19470101 19471231   414.4
19480101 19481231   180.5
19490101 19491231   331.8
19500101 19501231   323.8
19510101 19511231   442.2
19520101 19521231   234.0
19530101 19531231   463.0
19540101 19541231   165.6
19550101 19551231   333.3
19560101 19561231   306.1
19570101 19571231   237.1
19580101 19581231   471.8
19590101 19591231   216.4
19600101 19601231   434.1
19610101 19611231   326.0
19620101 19621231   360.4
19630101 19631231   574.3
19640101 19641231   323.5
19650101 19651231   451.2
19660101 19661231   327.7
19670101 19671231   340.1
19680101 19681231   458.8
19690101 19691231   221.1
19700101 19701231   330.9
19710101 19711231   424.5
19720101 19721231   296.6
19730101 19731231   325.0
19740101 19741231   520.8
19750101 19751231   451.8
19760101 19761231   204.2
19770101 19771231   228.2
19780101 19781231   337.2
19790101 19791231   227.8
19800101 19801231   275.4
19810101 19811231   367.2
19820101 19821231   322.4
19830101 19831231   341.4
19840101 19841231   419.8
19850101 19851231   308.2
19860101 19861231   416.2
19870101 19871231   328.8
19880101 19881231   485.6
19890101 19891231   324.6
19900101 19901231   324.8
19910101 19911231   401.4
19920101 19921231   450.4
19930101 19931231   333.6
19940101 19941231   273.2
19950101 19951231   329.6
19960101 19961231 99999.9
19970101 19971231   426.9
19980101 19981231   380.6
19990101 19991231   493.8
20000101 20001231   325.0
20010101 20011231   303.4
20020101 20021231   222.6
20030101 20031231   346.2
20040101 20041231 99999.9
20050101 20051231   306.2
20060101 20061231   267.6
20070101 20071231   198.4
20080101 20081231   317.4
20090101 20091231   290.8
20100101 20101231   286.0
20110101 20111231   469.4
20120101 20121231   173.0
20130101 20131231   230.6
20140101 20141231   238.6
20150101 20151231 99999.9
20160101 20161231   278.8
20170101 20171231   306.8
