PRCP       013005 19200101 20171231 missing_value=99999.9 LORNA GLEN                                
19200101 19201231   162.9
19210101 19211231   335.6
19220101 19221231   250.6
19230101 19231231   205.1
19240101 19241231   165.7
19250101 19251231   395.8
19260101 19261231   168.2
19270101 19271231   305.6
19280101 19281231   136.0
19290101 19291231   239.3
19300101 19301231   235.0
19310101 19311231   404.9
19320101 19321231   166.8
19330101 19331231   268.4
19340101 19341231   310.8
19350101 19351231   153.2
19360101 19361231   108.8
19370101 19371231   206.7
19380101 19381231   279.2
19390101 19391231   314.4
19400101 19401231   110.5
19410101 19411231   269.3
19420101 19421231   597.8
19430101 19431231   163.0
19440101 19441231   101.0
19450101 19451231   248.7
19460101 19461231   284.8
19470101 19471231   587.9
19480101 19481231   294.5
19490101 19491231   141.3
19500101 19501231   109.0
19510101 19511231   136.5
19520101 19521231   167.5
19530101 19531231   264.3
19540101 19541231   180.0
19550101 19551231   474.7
19560101 19561231   114.5
19570101 19571231   139.4
19580101 19581231   445.5
19590101 19591231   155.8
19600101 19601231   270.4
19610101 19611231   144.3
19620101 19621231   143.7
19630101 19631231   184.5
19640101 19641231   151.6
19650101 19651231   286.7
19660101 19661231   184.2
19670101 19671231   260.9
19680101 19681231   294.9
19690101 19691231   108.9
19700101 19701231   147.4
19710101 19711231   113.6
19720101 19721231    92.6
19730101 19731231   706.0
19740101 19741231   337.6
19750101 19751231   379.6
19760101 19761231    86.4
19770101 19771231   107.6
19780101 19781231   297.5
19790101 19791231   199.9
19800101 19801231   408.7
19810101 19811231   142.2
19820101 19821231   234.9
19830101 19831231   243.1
19840101 19841231   272.3
19850101 19851231   152.9
19860101 19861231   122.9
19870101 19871231   254.2
19880101 19881231   166.2
19890101 19891231 99999.9
19900101 19901231 99999.9
19910101 19911231 99999.9
19920101 19921231 99999.9
19930101 19931231   205.5
19940101 19941231 99999.9
19950101 19951231   294.0
19960101 19961231   326.8
19970101 19971231   501.0
19980101 19981231 99999.9
19990101 19991231   559.0
20000101 20001231   441.0
20010101 20011231   310.8
20020101 20021231 99999.9
20030101 20031231 99999.9
20040101 20041231   337.8
20050101 20051231   121.8
20060101 20061231   633.5
20070101 20071231 99999.9
20080101 20081231 99999.9
20090101 20091231 99999.9
20100101 20101231 99999.9
20110101 20111231   394.5
20120101 20121231 99999.9
20130101 20131231   262.0
20140101 20141231   430.7
20150101 20151231   215.0
20160101 20161231   209.0
20170101 20171231   497.6
