PRCP       009503 18980101 20121231 missing_value=99999.9 BOYANUP POST OFFICE                       
18980101 18981231  1014.6
18990101 18991231   932.1
19000101 19001231  1026.4
19010101 19011231   904.6
19020101 19021231   664.2
19030101 19031231  1013.1
19040101 19041231   937.8
19050101 19051231   957.4
19060101 19061231   998.6
19070101 19071231  1143.0
19080101 19081231   966.3
19090101 19091231   945.8
19100101 19101231  1210.4
19110101 19111231   745.6
19120101 19121231   838.1
19130101 19131231  1126.5
19140101 19141231   786.0
19150101 19151231  1230.3
19160101 19161231   908.6
19170101 19171231  1446.8
19180101 19181231  1204.1
19190101 19191231   927.6
19200101 19201231  1046.8
19210101 19211231  1201.9
19220101 19221231   985.6
19230101 19231231  1213.9
19240101 19241231  1019.6
19250101 19251231   828.5
19260101 19261231  1476.4
19270101 19271231  1085.5
19280101 19281231  1065.8
19290101 19291231   929.6
19300101 19301231  1030.1
19310101 19311231   972.4
19320101 19321231   860.9
19330101 19331231  1027.4
19340101 19341231   908.9
19350101 19351231   936.6
19360101 19361231   788.6
19370101 19371231   921.0
19380101 19381231   939.2
19390101 19391231  1141.5
19400101 19401231   691.7
19410101 19411231  1192.0
19420101 19421231  1202.5
19430101 19431231   870.9
19440101 19441231   873.7
19450101 19451231  1308.5
19460101 19461231  1115.7
19470101 19471231  1226.8
19480101 19481231   911.9
19490101 19491231   922.8
19500101 19501231  1068.5
19510101 19511231   876.3
19520101 19521231   906.3
19530101 19531231   864.0
19540101 19541231   883.3
19550101 19551231  1095.4
19560101 19561231   899.7
19570101 19571231   979.1
19580101 19581231   933.1
19590101 19591231   883.9
19600101 19601231   899.5
19610101 19611231  1123.5
19620101 19621231   933.7
19630101 19631231  1316.5
19640101 19641231  1288.4
19650101 19651231  1226.5
19660101 19661231   950.1
19670101 19671231  1181.2
19680101 19681231   883.1
19690101 19691231   664.7
19700101 19701231   972.9
19710101 19711231  1004.3
19720101 19721231   717.6
19730101 19731231  1036.6
19740101 19741231  1126.7
19750101 19751231   747.3
19760101 19761231   898.4
19770101 19771231   718.2
19780101 19781231   807.2
19790101 19791231   672.7
19800101 19801231   938.1
19810101 19811231   802.3
19820101 19821231   802.4
19830101 19831231   875.6
19840101 19841231   819.0
19850101 19851231   902.4
19860101 19861231   801.2
19870101 19871231   660.1
19880101 19881231   970.8
19890101 19891231   788.5
19900101 19901231   812.2
19910101 19911231   956.8
19920101 19921231   884.5
19930101 19931231   751.7
19940101 19941231   675.0
19950101 19951231   877.7
19960101 19961231  1001.0
19970101 19971231   881.9
19980101 19981231   752.5
19990101 19991231  1053.8
20000101 20001231   834.8
20010101 20011231   573.5
20020101 20021231 99999.9
20030101 20031231 99999.9
20040101 20041231 99999.9
20050101 20051231 99999.9
20060101 20061231 99999.9
20070101 20071231   858.0
20080101 20081231 99999.9
20090101 20091231   768.4
20100101 20101231 99999.9
20110101 20111231   849.7
20120101 20121231   786.0
