PRCP       023721 18630101 20171231 missing_value=99999.9 HAPPY VALLEY RESERVOIR E&WS               
18630101 18631231   758.4
18640101 18641231   576.2
18650101 18651231   444.7
18660101 18661231   606.4
18670101 18671231   578.1
18680101 18681231   564.5
18690101 18691231   458.6
18700101 18701231   720.5
18710101 18711231   632.8
18720101 18721231   666.0
18730101 18731231   611.2
18740101 18741231   526.8
18750101 18751231   921.6
18760101 18761231   445.5
18770101 18771231   724.1
18780101 18781231 99999.9
18790101 18791231 99999.9
18800101 18801231 99999.9
18810101 18811231 99999.9
18820101 18821231 99999.9
18830101 18831231 99999.9
18840101 18841231 99999.9
18850101 18851231 99999.9
18860101 18861231 99999.9
18870101 18871231 99999.9
18880101 18881231 99999.9
18890101 18891231 99999.9
18900101 18901231 99999.9
18910101 18911231 99999.9
18920101 18921231   540.2
18930101 18931231   649.0
18940101 18941231   595.9
18950101 18951231   579.6
18960101 18961231   450.6
18970101 18971231   441.7
18980101 18981231   603.1
18990101 18991231   540.3
19000101 19001231   667.2
19010101 19011231   464.7
19020101 19021231   502.4
19030101 19031231   713.4
19040101 19041231   577.4
19050101 19051231   597.2
19060101 19061231   794.1
19070101 19071231   466.1
19080101 19081231   636.0
19090101 19091231   863.2
19100101 19101231   744.6
19110101 19111231   537.9
19120101 19121231   520.6
19130101 19131231   513.1
19140101 19141231   313.7
19150101 19151231   650.7
19160101 19161231   836.7
19170101 19171231   921.7
19180101 19181231   558.5
19190101 19191231   490.2
19200101 19201231   672.4
19210101 19211231   679.5
19220101 19221231   793.2
19230101 19231231   887.5
19240101 19241231   710.7
19250101 19251231   529.5
19260101 19261231   695.5
19270101 19271231   566.8
19280101 19281231   626.3
19290101 19291231   523.1
19300101 19301231   497.5
19310101 19311231   616.5
19320101 19321231   599.0
19330101 19331231   480.1
19340101 19341231   461.6
19350101 19351231   665.5
19360101 19361231   541.3
19370101 19371231   623.0
19380101 19381231   570.8
19390101 19391231   688.6
19400101 19401231   464.1
19410101 19411231   677.9
19420101 19421231   822.6
19430101 19431231   562.3
19440101 19441231   497.9
19450101 19451231   573.6
19460101 19461231   668.6
19470101 19471231   723.5
19480101 19481231   625.5
19490101 19491231   560.2
19500101 19501231   464.2
19510101 19511231   748.2
19520101 19521231   595.6
19530101 19531231   662.5
19540101 19541231   557.0
19550101 19551231   850.5
19560101 19561231   785.6
19570101 19571231   462.5
19580101 19581231   630.3
19590101 19591231   360.2
19600101 19601231   736.6
19610101 19611231   483.0
19620101 19621231   511.3
19630101 19631231   786.3
19640101 19641231   703.7
19650101 19651231   447.9
19660101 19661231   649.4
19670101 19671231   373.7
19680101 19681231   876.1
19690101 19691231   638.6
19700101 19701231   646.7
19710101 19711231   939.9
19720101 19721231   541.3
19730101 19731231   810.3
19740101 19741231   801.3
19750101 19751231   746.0
19760101 19761231   503.6
19770101 19771231   489.0
19780101 19781231   712.6
19790101 19791231   814.2
19800101 19801231   637.6
19810101 19811231   783.3
19820101 19821231   476.5
19830101 19831231   780.4
19840101 19841231   656.7
19850101 19851231   600.4
19860101 19861231   770.4
19870101 19871231   760.2
19880101 19881231   671.8
19890101 19891231   591.8
19900101 19901231   564.2
19910101 19911231   577.2
19920101 19921231  1013.0
19930101 19931231   681.6
19940101 19941231   449.6
19950101 19951231   642.8
19960101 19961231   785.2
19970101 19971231   612.8
19980101 19981231   640.7
19990101 19991231   705.8
20000101 20001231   828.2
20010101 20011231   812.7
20020101 20021231   523.3
20030101 20031231   739.8
20040101 20041231   675.8
20050101 20051231   810.2
20060101 20061231   427.0
20070101 20071231   634.4
20080101 20081231   505.8
20090101 20091231   627.6
20100101 20101231   774.0
20110101 20111231   701.2
20120101 20121231   697.7
20130101 20131231   630.6
20140101 20141231   539.4
20150101 20151231   493.0
20160101 20161231   963.8
20170101 20171231   656.6
