PRCP       015546 19540101 20041231 missing_value=99999.9 RINGWOOD                                  
19540101 19541231   245.1
19550101 19551231   381.5
19560101 19561231   321.7
19570101 19571231   376.1
19580101 19581231   130.8
19590101 19591231   241.2
19600101 19601231   183.9
19610101 19611231    79.5
19620101 19621231   211.8
19630101 19631231   152.8
19640101 19641231    96.4
19650101 19651231    54.9
19660101 19661231   429.0
19670101 19671231   225.0
19680101 19681231   500.2
19690101 19691231   227.7
19700101 19701231   159.6
19710101 19711231   162.7
19720101 19721231   352.9
19730101 19731231   258.7
19740101 19741231   839.6
19750101 19751231   570.3
19760101 19761231   700.0
19770101 19771231   412.2
19780101 19781231   444.2
19790101 19791231   341.6
19800101 19801231   167.6
19810101 19811231   241.3
19820101 19821231   319.0
19830101 19831231   451.4
19840101 19841231   318.2
19850101 19851231   133.8
19860101 19861231   347.4
19870101 19871231   287.4
19880101 19881231   423.2
19890101 19891231   252.5
19900101 19901231   290.9
19910101 19911231   342.2
19920101 19921231 99999.9
19930101 19931231   267.6
19940101 19941231    69.4
19950101 19951231   411.0
19960101 19961231   152.8
19970101 19971231   358.6
19980101 19981231   327.8
19990101 19991231 99999.9
20000101 20001231 99999.9
20010101 20011231 99999.9
20020101 20021231    48.2
20030101 20031231    62.2
20040101 20041231   140.4
