PRCP       016005 18820101 20161231 missing_value=99999.9 CARRIEWERLOO STN                          
18820101 18821231   165.3
18830101 18831231   115.4
18840101 18841231   219.6
18850101 18851231   191.7
18860101 18861231   141.6
18870101 18871231   218.2
18880101 18881231   128.6
18890101 18891231   318.5
18900101 18901231   249.6
18910101 18911231   156.5
18920101 18921231   301.6
18930101 18931231   274.2
18940101 18941231   145.0
18950101 18951231   177.0
18960101 18961231   132.8
18970101 18971231   106.5
18980101 18981231   170.6
18990101 18991231   108.0
19000101 19001231   175.8
19010101 19011231   143.3
19020101 19021231    94.2
19030101 19031231   225.3
19040101 19041231   236.1
19050101 19051231   159.2
19060101 19061231   194.9
19070101 19071231   207.6
19080101 19081231   329.7
19090101 19091231   232.9
19100101 19101231   385.0
19110101 19111231   144.4
19120101 19121231   272.5
19130101 19131231   138.4
19140101 19141231   129.1
19150101 19151231   185.5
19160101 19161231   218.6
19170101 19171231   319.7
19180101 19181231   117.4
19190101 19191231   147.4
19200101 19201231   336.9
19210101 19211231   421.1
19220101 19221231   150.4
19230101 19231231   121.7
19240101 19241231   217.8
19250101 19251231   134.9
19260101 19261231   168.0
19270101 19271231    67.3
19280101 19281231    77.1
19290101 19291231   103.7
19300101 19301231   183.6
19310101 19311231   209.0
19320101 19321231   294.7
19330101 19331231   184.3
19340101 19341231   146.0
19350101 19351231   165.9
19360101 19361231   151.4
19370101 19371231   262.8
19380101 19381231   268.3
19390101 19391231   173.7
19400101 19401231    75.3
19410101 19411231   164.5
19420101 19421231   230.6
19430101 19431231   107.4
19440101 19441231   156.3
19450101 19451231   223.8
19460101 19461231   332.2
19470101 19471231   186.6
19480101 19481231   102.8
19490101 19491231   199.2
19500101 19501231   212.4
19510101 19511231   253.9
19520101 19521231   272.1
19530101 19531231   205.1
19540101 19541231   310.0
19550101 19551231   319.8
19560101 19561231   268.1
19570101 19571231   102.0
19580101 19581231   265.4
19590101 19591231   136.0
19600101 19601231   242.6
19610101 19611231   258.9
19620101 19621231   214.0
19630101 19631231   313.4
19640101 19641231   174.4
19650101 19651231   128.3
19660101 19661231   282.6
19670101 19671231   153.6
19680101 19681231   497.3
19690101 19691231   233.1
19700101 19701231   149.5
19710101 19711231   194.1
19720101 19721231   115.1
19730101 19731231   491.0
19740101 19741231   574.8
19750101 19751231   240.0
19760101 19761231   289.0
19770101 19771231   159.4
19780101 19781231   253.0
19790101 19791231   364.4
19800101 19801231   167.0
19810101 19811231   226.4
19820101 19821231    92.7
19830101 19831231   247.6
19840101 19841231   230.6
19850101 19851231   194.4
19860101 19861231   263.5
19870101 19871231 99999.9
19880101 19881231   180.2
19890101 19891231   330.6
19900101 19901231   206.0
19910101 19911231   214.6
19920101 19921231   584.7
19930101 19931231   235.0
19940101 19941231   149.0
19950101 19951231   204.0
19960101 19961231   182.0
19970101 19971231 99999.9
19980101 19981231   230.2
19990101 19991231   257.9
20000101 20001231   260.8
20010101 20011231   252.0
20020101 20021231    99.8
20030101 20031231   183.6
20040101 20041231   177.6
20050101 20051231   233.4
20060101 20061231   175.4
20070101 20071231   344.2
20080101 20081231   225.4
20090101 20091231   236.2
20100101 20101231   284.4
20110101 20111231   287.2
20120101 20121231 99999.9
20130101 20131231   166.2
20140101 20141231 99999.9
20150101 20151231   220.2
20160101 20161231   309.8
