PRCP       018033 19090101 20171231 missing_value=99999.9 GOODE                                     
19090101 19091231   372.4
19100101 19101231   301.1
19110101 19111231   300.3
19120101 19121231   298.5
19130101 19131231   314.3
19140101 19141231   145.3
19150101 19151231   259.8
19160101 19161231   440.7
19170101 19171231   354.4
19180101 19181231   257.3
19190101 19191231   270.8
19200101 19201231   325.0
19210101 19211231   375.2
19220101 19221231   350.3
19230101 19231231   299.4
19240101 19241231   394.3
19250101 19251231   341.0
19260101 19261231   340.9
19270101 19271231   255.5
19280101 19281231   176.8
19290101 19291231   197.4
19300101 19301231   190.7
19310101 19311231   413.5
19320101 19321231   452.0
19330101 19331231   285.1
19340101 19341231   246.9
19350101 19351231   317.4
19360101 19361231   219.3
19370101 19371231   264.7
19380101 19381231   404.7
19390101 19391231   323.9
19400101 19401231   238.9
19410101 19411231   326.8
19420101 19421231   403.7
19430101 19431231   248.1
19440101 19441231   235.9
19450101 19451231   312.5
19460101 19461231   312.9
19470101 19471231   316.3
19480101 19481231   259.4
19490101 19491231   322.5
19500101 19501231   362.9
19510101 19511231   386.9
19520101 19521231   329.0
19530101 19531231   370.3
19540101 19541231   259.7
19550101 19551231   473.7
19560101 19561231   456.2
19570101 19571231   194.2
19580101 19581231   386.8
19590101 19591231   137.9
19600101 19601231   357.0
19610101 19611231   272.6
19620101 19621231   244.9
19630101 19631231   340.4
19640101 19641231   353.7
19650101 19651231   183.2
19660101 19661231   426.8
19670101 19671231   178.5
19680101 19681231   459.8
19690101 19691231   400.0
19700101 19701231   187.3
19710101 19711231   326.4
19720101 19721231   204.8
19730101 19731231   424.8
19740101 19741231   372.7
19750101 19751231   303.8
19760101 19761231   246.6
19770101 19771231   196.4
19780101 19781231   401.4
19790101 19791231   347.9
19800101 19801231   288.7
19810101 19811231   269.0
19820101 19821231   222.4
19830101 19831231   383.8
19840101 19841231   269.4
19850101 19851231   255.0
19860101 19861231   318.0
19870101 19871231   250.2
19880101 19881231   170.0
19890101 19891231   298.0
19900101 19901231   346.4
19910101 19911231   253.8
19920101 19921231   532.4
19930101 19931231   263.1
19940101 19941231   135.0
19950101 19951231   280.0
19960101 19961231   237.2
19970101 19971231   345.2
19980101 19981231   259.3
19990101 19991231   188.5
20000101 20001231   335.6
20010101 20011231   344.0
20020101 20021231   197.9
20030101 20031231   270.8
20040101 20041231   295.6
20050101 20051231   268.0
20060101 20061231   207.0
20070101 20071231   288.7
20080101 20081231   255.4
20090101 20091231   256.5
20100101 20101231   317.2
20110101 20111231 99999.9
20120101 20121231 99999.9
20130101 20131231   326.6
20140101 20141231 99999.9
20150101 20151231   230.3
20160101 20161231   425.3
20170101 20171231   246.9
