PRCP       010670 19060101 20171231 missing_value=99999.9 LAKE CARMODY                              
19060101 19061231   278.6
19070101 19071231   239.4
19080101 19081231   228.4
19090101 19091231   374.0
19100101 19101231   269.8
19110101 19111231   215.5
19120101 19121231   216.3
19130101 19131231   324.1
19140101 19141231   179.3
19150101 19151231   382.7
19160101 19161231   265.5
19170101 19171231   487.4
19180101 19181231   236.4
19190101 19191231   242.8
19200101 19201231   195.8
19210101 19211231   199.7
19220101 19221231   114.5
19230101 19231231   170.5
19240101 19241231   206.3
19250101 19251231   130.0
19260101 19261231   280.6
19270101 19271231   265.1
19280101 19281231   182.4
19290101 19291231   327.5
19300101 19301231   250.5
19310101 19311231   355.9
19320101 19321231   377.5
19330101 19331231   266.3
19340101 19341231   333.9
19350101 19351231   304.8
19360101 19361231   272.3
19370101 19371231   304.9
19380101 19381231   270.9
19390101 19391231   388.1
19400101 19401231   221.6
19410101 19411231   314.6
19420101 19421231   453.1
19430101 19431231   377.9
19440101 19441231   156.2
19450101 19451231   335.1
19460101 19461231   311.6
19470101 19471231   246.6
19480101 19481231   213.5
19490101 19491231   287.9
19500101 19501231   245.5
19510101 19511231   329.0
19520101 19521231   239.1
19530101 19531231   395.5
19540101 19541231   192.6
19550101 19551231   519.9
19560101 19561231   212.9
19570101 19571231   278.3
19580101 19581231   376.8
19590101 19591231   312.8
19600101 19601231   405.5
19610101 19611231   285.3
19620101 19621231   383.9
19630101 19631231   558.3
19640101 19641231   388.3
19650101 19651231   371.8
19660101 19661231   367.5
19670101 19671231   267.7
19680101 19681231   479.2
19690101 19691231   223.0
19700101 19701231   352.9
19710101 19711231   368.5
19720101 19721231   189.2
19730101 19731231   385.9
19740101 19741231   494.6
19750101 19751231   412.9
19760101 19761231   349.9
19770101 19771231   287.5
19780101 19781231   471.6
19790101 19791231   291.8
19800101 19801231   278.0
19810101 19811231   311.4
19820101 19821231   289.2
19830101 19831231   319.8
19840101 19841231   322.2
19850101 19851231   252.6
19860101 19861231   358.6
19870101 19871231   296.6
19880101 19881231   284.2
19890101 19891231   370.8
19900101 19901231   379.6
19910101 19911231   318.8
19920101 19921231   562.8
19930101 19931231   337.8
19940101 19941231   226.8
19950101 19951231   408.4
19960101 19961231   358.2
19970101 19971231   407.8
19980101 19981231   358.4
19990101 19991231   496.0
20000101 20001231   459.2
20010101 20011231   386.4
20020101 20021231   197.2
20030101 20031231   465.4
20040101 20041231   341.0
20050101 20051231   396.8
20060101 20061231   373.0
20070101 20071231   256.9
20080101 20081231   356.1
20090101 20091231   345.3
20100101 20101231   180.0
20110101 20111231   449.7
20120101 20121231 99999.9
20130101 20131231   358.9
20140101 20141231 99999.9
20150101 20151231   294.1
20160101 20161231   434.0
20170101 20171231   428.1
