PRCP       053003 19100101 20171231 missing_value=99999.9 BELLATA POST OFFICE                       
19100101 19101231   881.7
19110101 19111231   504.1
19120101 19121231   478.3
19130101 19131231   574.5
19140101 19141231   512.5
19150101 19151231   509.2
19160101 19161231   776.3
19170101 19171231   624.1
19180101 19181231   299.3
19190101 19191231   330.3
19200101 19201231   703.8
19210101 19211231   875.6
19220101 19221231   440.3
19230101 19231231   415.0
19240101 19241231   728.5
19250101 19251231   498.4
19260101 19261231   425.0
19270101 19271231   420.5
19280101 19281231   538.2
19290101 19291231   545.4
19300101 19301231   465.3
19310101 19311231   818.2
19320101 19321231   482.6
19330101 19331231   589.1
19340101 19341231   652.5
19350101 19351231   389.6
19360101 19361231   380.5
19370101 19371231   549.1
19380101 19381231   538.6
19390101 19391231   558.2
19400101 19401231   304.3
19410101 19411231   534.4
19420101 19421231   751.1
19430101 19431231   406.7
19440101 19441231   333.3
19450101 19451231   453.3
19460101 19461231   451.1
19470101 19471231   716.5
19480101 19481231   573.1
19490101 19491231   609.3
19500101 19501231   953.4
19510101 19511231   392.9
19520101 19521231   600.1
19530101 19531231   480.5
19540101 19541231   582.8
19550101 19551231   957.6
19560101 19561231   877.2
19570101 19571231   372.9
19580101 19581231   742.7
19590101 19591231   782.4
19600101 19601231   497.3
19610101 19611231   756.1
19620101 19621231   706.8
19630101 19631231   761.6
19640101 19641231   688.4
19650101 19651231   344.1
19660101 19661231   551.2
19670101 19671231   390.5
19680101 19681231   632.1
19690101 19691231   669.0
19700101 19701231   778.2
19710101 19711231   725.4
19720101 19721231   544.4
19730101 19731231   833.0
19740101 19741231   617.0
19750101 19751231   549.9
19760101 19761231   719.2
19770101 19771231   778.6
19780101 19781231   816.6
19790101 19791231   514.2
19800101 19801231   427.6
19810101 19811231   402.5
19820101 19821231   385.2
19830101 19831231   934.8
19840101 19841231   761.9
19850101 19851231   568.6
19860101 19861231   541.4
19870101 19871231   567.3
19880101 19881231   743.0
19890101 19891231   658.5
19900101 19901231   522.0
19910101 19911231   793.4
19920101 19921231   520.4
19930101 19931231   636.4
19940101 19941231   354.0
19950101 19951231   890.6
19960101 19961231   692.8
19970101 19971231   770.5
19980101 19981231   795.0
19990101 19991231   733.8
20000101 20001231   688.4
20010101 20011231   765.0
20020101 20021231   340.0
20030101 20031231   542.5
20040101 20041231   924.0
20050101 20051231   623.4
20060101 20061231 99999.9
20070101 20071231   548.8
20080101 20081231   605.0
20090101 20091231   581.6
20100101 20101231   660.6
20110101 20111231   909.2
20120101 20121231   756.0
20130101 20131231   678.0
20140101 20141231   508.8
20150101 20151231 99999.9
20160101 20161231   689.6
20170101 20171231   460.2
