PRCP       087053 18850101 20151231 missing_value=99999.9 PORTARLINGTON                             
18850101 18851231   657.4
18860101 18861231   619.5
18870101 18871231   641.2
18880101 18881231   474.6
18890101 18891231   720.1
18900101 18901231   601.5
18910101 18911231   734.3
18920101 18921231   608.4
18930101 18931231   701.9
18940101 18941231   643.3
18950101 18951231   624.3
18960101 18961231   749.7
18970101 18971231   633.2
18980101 18981231   414.0
18990101 18991231   759.4
19000101 19001231   544.6
19010101 19011231   574.2
19020101 19021231   503.3
19030101 19031231   653.3
19040101 19041231   649.9
19050101 19051231   605.6
19060101 19061231   578.5
19070101 19071231   483.1
19080101 19081231   449.8
19090101 19091231   621.5
19100101 19101231   618.9
19110101 19111231   797.3
19120101 19121231   453.9
19130101 19131231   571.4
19140101 19141231   403.0
19150101 19151231   525.2
19160101 19161231   724.6
19170101 19171231   606.0
19180101 19181231   638.6
19190101 19191231   592.0
19200101 19201231   590.2
19210101 19211231   607.3
19220101 19221231   568.1
19230101 19231231   577.7
19240101 19241231   906.6
19250101 19251231   456.2
19260101 19261231   487.5
19270101 19271231   435.8
19280101 19281231   570.1
19290101 19291231   552.2
19300101 19301231   575.0
19310101 19311231   725.8
19320101 19321231   632.1
19330101 19331231   532.3
19340101 19341231   846.9
19350101 19351231   636.5
19360101 19361231   562.7
19370101 19371231   506.6
19380101 19381231   412.5
19390101 19391231   735.3
19400101 19401231   445.0
19410101 19411231   679.2
19420101 19421231   581.6
19430101 19431231   464.7
19440101 19441231   509.6
19450101 19451231   505.0
19460101 19461231   596.1
19470101 19471231   650.1
19480101 19481231   517.4
19490101 19491231   728.4
19500101 19501231   660.3
19510101 19511231   836.1
19520101 19521231   839.7
19530101 19531231   606.2
19540101 19541231   627.2
19550101 19551231   748.1
19560101 19561231   675.6
19570101 19571231   606.5
19580101 19581231   660.4
19590101 19591231   595.0
19600101 19601231   798.7
19610101 19611231   552.3
19620101 19621231   578.2
19630101 19631231   658.2
19640101 19641231   897.9
19650101 19651231   612.9
19660101 19661231   796.3
19670101 19671231   389.4
19680101 19681231   592.9
19690101 19691231   566.3
19700101 19701231   791.6
19710101 19711231   731.0
19720101 19721231   489.5
19730101 19731231   925.6
19740101 19741231   698.2
19750101 19751231   667.4
19760101 19761231   532.8
19770101 19771231   652.4
19780101 19781231   877.6
19790101 19791231   540.0
19800101 19801231   512.0
19810101 19811231   558.2
19820101 19821231   395.4
19830101 19831231   573.4
19840101 19841231   518.4
19850101 19851231   585.4
19860101 19861231   540.6
19870101 19871231   635.4
19880101 19881231   637.8
19890101 19891231   655.6
19900101 19901231   583.3
19910101 19911231   632.4
19920101 19921231   693.2
19930101 19931231   746.1
19940101 19941231   408.6
19950101 19951231   732.7
19960101 19961231   644.2
19970101 19971231   356.6
19980101 19981231 99999.9
19990101 19991231 99999.9
20000101 20001231 99999.9
20010101 20011231 99999.9
20020101 20021231   409.9
20030101 20031231   557.8
20040101 20041231   614.9
20050101 20051231   665.1
20060101 20061231   360.0
20070101 20071231   575.5
20080101 20081231   470.5
20090101 20091231   495.9
20100101 20101231   754.9
20110101 20111231   764.2
20120101 20121231   684.0
20130101 20131231   548.3
20140101 20141231   488.8
20150101 20151231   459.8
