MAX TEMP   053115 19100101 20121231 missing_value=99999.9    MOREE AERO         
19100101 19101231    27.2
19110101 19111231    27.2
19120101 19121231    27.3
19130101 19131231    26.3
19140101 19141231    27.2
19150101 19151231    28.2
19160101 19161231    26.5
19170101 19171231    25.7
19180101 19181231    26.9
19190101 19191231    28.1
19200101 19201231    25.9
19210101 19211231    26.6
19220101 19221231    27.5
19230101 19231231    28.1
19240101 19241231    25.5
19250101 19251231    28.3
19260101 19261231    28.4
19270101 19271231    27.3
19280101 19281231    27.5
19290101 19291231    26.7
19300101 19301231    26.6
19310101 19311231    25.3
19320101 19321231    27.2
19330101 19331231    26.6
19340101 19341231    25.9
19350101 19351231    26.8
19360101 19361231    27.5
19370101 19371231    26.8
19380101 19381231    27.5
19390101 19391231    26.6
19400101 19401231    28.1
19410101 19411231    25.7
19420101 19421231    26.6
19430101 19431231    26.0
19440101 19441231    27.7
19450101 19451231    27.1
19460101 19461231    27.7
19470101 19471231    26.2
19480101 19481231    26.7
19490101 19491231    26.6
19500101 19501231    25.9
19510101 19511231    27.6
19520101 19521231    27.3
19530101 19531231    27.2
19540101 19541231    26.9
19550101 19551231    24.9
19560101 19561231    24.9
19570101 19571231    28.7
19580101 19581231    27.2
19590101 19591231    26.0
19600101 19601231    26.0
19610101 19611231    26.4
19620101 19621231    25.6
19630101 19631231    25.7
19640101 19641231    25.6
19650101 19651231    27.1
19660101 19661231    25.3
19670101 19671231    27.0
19680101 19681231    25.9
19690101 19691231    25.9
19700101 19701231    25.9
19710101 19711231    25.4
19720101 19721231    26.4
19730101 19731231    26.9
19740101 19741231    25.5
19750101 19751231    25.8
19760101 19761231    25.4
19770101 19771231    26.4
19780101 19781231    24.9
19790101 19791231    27.0
19800101 19801231    27.9
19810101 19811231    26.4
19820101 19821231    26.6
19830101 19831231    25.0
19840101 19841231    24.8
19850101 19851231    25.8
19860101 19861231    26.1
19870101 19871231    26.2
19880101 19881231    25.8
19890101 19891231    25.3
19900101 19901231    25.9
19910101 19911231    26.3
19920101 19921231    25.6
19930101 19931231    26.7
19940101 19941231    26.9
19950101 19951231    25.7
19960101 19961231    25.8
19970101 19971231    26.8
19980101 19981231    25.9
19990101 19991231    25.7
20000101 20001231    26.3
20010101 20011231    26.2
20020101 20021231    27.9
20030101 20031231    26.6
20040101 20041231    26.7
20050101 20051231    27.5
20060101 20061231    27.2
20070101 20071231    27.0
20080101 20081231    25.9
20090101 20091231    27.6
20100101 20101231    25.4
20110101 20111231    26.1
20120101 20121231    26.4
