MAX TEMP   078031 19100101 20121231 missing_value=99999.9    NHILL              
19100101 19101231 99999.9
19110101 19111231    21.1
19120101 19121231    21.5
19130101 19131231    21.3
19140101 19141231    23.1
19150101 19151231    21.1
19160101 19161231    20.8
19170101 19171231    20.6
19180101 19181231    21.6
19190101 19191231    22.6
19200101 19201231    21.3
19210101 19211231    22.5
19220101 19221231    21.3
19230101 19231231    21.4
19240101 19241231    20.2
19250101 19251231    21.6
19260101 19261231    21.7
19270101 19271231    21.6
19280101 19281231    21.9
19290101 19291231    21.1
19300101 19301231    22.0
19310101 19311231    20.5
19320101 19321231    20.8
19330101 19331231    21.1
19340101 19341231    22.0
19350101 19351231    21.3
19360101 19361231    21.2
19370101 19371231    21.7
19380101 19381231    22.5
19390101 19391231    21.6
19400101 19401231    22.0
19410101 19411231    21.1
19420101 19421231    21.6
19430101 19431231    20.7
19440101 19441231    21.6
19450101 19451231    21.2
19460101 19461231    20.4
19470101 19471231    21.1
19480101 19481231    20.7
19490101 19491231 99999.9
19500101 19501231    21.7
19510101 19511231    21.9
19520101 19521231    20.8
19530101 19531231    21.5
19540101 19541231    21.5
19550101 19551231    21.3
19560101 19561231    20.9
19570101 19571231    21.7
19580101 19581231    21.2
19590101 19591231    22.8
19600101 19601231    20.9
19610101 19611231    22.9
19620101 19621231    22.1
19630101 19631231    21.8
19640101 19641231    20.8
19650101 19651231    22.2
19660101 19661231    21.6
19670101 19671231    22.5
19680101 19681231    21.6
19690101 19691231    21.6
19700101 19701231    21.2
19710101 19711231    21.7
19720101 19721231    22.7
19730101 19731231    21.8
19740101 19741231    21.4
19750101 19751231    22.2
19760101 19761231    21.7
19770101 19771231    22.4
19780101 19781231    21.9
19790101 19791231    22.1
19800101 19801231 99999.9
19810101 19811231    22.3
19820101 19821231    22.8
19830101 19831231    21.5
19840101 19841231    21.3
19850101 19851231    21.8
19860101 19861231    21.0
19870101 19871231    21.6
19880101 19881231    22.4
19890101 19891231    21.7
19900101 19901231    22.4
19910101 19911231    21.8
19920101 19921231    20.6
19930101 19931231    22.1
19940101 19941231    22.5
19950101 19951231    21.0
19960101 19961231    21.0
19970101 19971231    22.4
19980101 19981231    21.8
19990101 19991231    22.4
20000101 20001231    22.5
20010101 20011231    21.9
20020101 20021231    22.6
20030101 20031231    21.8
20040101 20041231    21.9
20050101 20051231    22.3
20060101 20061231    22.8
20070101 20071231    23.0
20080101 20081231    22.0
20090101 20091231 99999.9
20100101 20101231 99999.9
20110101 20111231 99999.9
20120101 20121231 99999.9
