MAX TEMP   024580 19100101 20121231 missing_value=99999.9    STRATHALBYN RACECOU
19100101 19101231    20.4
19110101 19111231    20.6
19120101 19121231    21.2
19130101 19131231    20.7
19140101 19141231    22.2
19150101 19151231    20.6
19160101 19161231    19.9
19170101 19171231    19.8
19180101 19181231    21.0
19190101 19191231    21.4
19200101 19201231    20.3
19210101 19211231    21.5
19220101 19221231    20.8
19230101 19231231    20.6
19240101 19241231    19.9
19250101 19251231    20.3
19260101 19261231    20.8
19270101 19271231    20.8
19280101 19281231    21.0
19290101 19291231    20.0
19300101 19301231    21.4
19310101 19311231    20.1
19320101 19321231    20.2
19330101 19331231    20.3
19340101 19341231    21.2
19350101 19351231    20.3
19360101 19361231    20.4
19370101 19371231    20.7
19380101 19381231    21.2
19390101 19391231    20.8
19400101 19401231    21.1
19410101 19411231    20.4
19420101 19421231    20.7
19430101 19431231    19.8
19440101 19441231    20.7
19450101 19451231    19.9
19460101 19461231    19.5
19470101 19471231    20.2
19480101 19481231    19.5
19490101 19491231    19.2
19500101 19501231    20.5
19510101 19511231    20.4
19520101 19521231    19.2
19530101 19531231    20.4
19540101 19541231    20.0
19550101 19551231    20.0
19560101 19561231    19.7
19570101 19571231    21.4
19580101 19581231    19.7
19590101 19591231    21.1
19600101 19601231    19.9
19610101 19611231    21.9
19620101 19621231    20.9
19630101 19631231    20.4
19640101 19641231    19.8
19650101 19651231    20.7
19660101 19661231    20.7
19670101 19671231    21.6
19680101 19681231    20.7
19690101 19691231    20.5
19700101 19701231    20.1
19710101 19711231    20.5
19720101 19721231    21.2
19730101 19731231    21.0
19740101 19741231    19.9
19750101 19751231    20.9
19760101 19761231    20.2
19770101 19771231    21.1
19780101 19781231    20.2
19790101 19791231    20.9
19800101 19801231    21.7
19810101 19811231    21.3
19820101 19821231    21.8
19830101 19831231    20.9
19840101 19841231    20.4
19850101 19851231    21.0
19860101 19861231    20.9
19870101 19871231    21.0
19880101 19881231    21.6
19890101 19891231    20.9
19900101 19901231    21.4
19910101 19911231    21.4
19920101 19921231    20.0
19930101 19931231    21.1
19940101 19941231    21.2
19950101 19951231    20.6
19960101 19961231    20.8
19970101 19971231    21.2
19980101 19981231    21.2
19990101 19991231    21.0
20000101 20001231    21.1
20010101 20011231    21.4
20020101 20021231    21.8
20030101 20031231    20.9
20040101 20041231    21.3
20050101 20051231    21.9
20060101 20061231    21.7
20070101 20071231    22.5
20080101 20081231    21.5
20090101 20091231    22.2
20100101 20101231    21.3
20110101 20111231    21.2
20120101 20121231    21.5
