MAX TEMP   031193 19100101 20121231 missing_value=99999.9    ATHERTON SHIRE COUN
19100101 19101231    25.4
19110101 19111231    25.4
19120101 19121231    26.7
19130101 19131231    25.8
19140101 19141231    24.4
19150101 19151231    27.2
19160101 19161231    25.2
19170101 19171231    25.3
19180101 19181231    25.6
19190101 19191231    25.5
19200101 19201231    25.8
19210101 19211231    24.9
19220101 19221231    25.8
19230101 19231231    26.4
19240101 19241231    25.5
19250101 19251231    25.6
19260101 19261231    26.5
19270101 19271231    25.7
19280101 19281231    26.4
19290101 19291231    25.8
19300101 19301231    24.9
19310101 19311231    26.2
19320101 19321231    25.8
19330101 19331231    25.6
19340101 19341231    24.9
19350101 19351231    26.3
19360101 19361231    25.6
19370101 19371231    25.8
19380101 19381231    25.8
19390101 19391231    25.3
19400101 19401231    24.8
19410101 19411231    25.0
19420101 19421231    26.1
19430101 19431231    26.7
19440101 19441231    25.2
19450101 19451231    25.2
19460101 19461231    25.7
19470101 19471231    26.2
19480101 19481231    26.2
19490101 19491231    25.3
19500101 19501231    25.4
19510101 19511231    26.4
19520101 19521231    26.3
19530101 19531231    25.8
19540101 19541231    24.9
19550101 19551231    25.9
19560101 19561231    26.3
19570101 19571231    25.6
19580101 19581231    26.6
19590101 19591231    25.2
19600101 19601231    25.5
19610101 19611231    25.9
19620101 19621231    26.1
19630101 19631231    25.4
19640101 19641231    25.4
19650101 19651231    24.9
19660101 19661231    25.5
19670101 19671231    25.3
19680101 19681231    25.8
19690101 19691231    25.9
19700101 19701231    25.6
19710101 19711231    26.0
19720101 19721231    24.9
19730101 19731231    25.4
19740101 19741231    25.5
19750101 19751231    24.8
19760101 19761231    25.3
19770101 19771231    24.4
19780101 19781231    25.4
19790101 19791231    25.0
19800101 19801231    25.4
19810101 19811231    25.6
19820101 19821231    25.3
19830101 19831231    25.9
19840101 19841231    25.7
19850101 19851231    25.9
19860101 19861231    26.3
19870101 19871231    26.0
19880101 19881231    25.8
19890101 19891231    25.4
19900101 19901231    25.8
19910101 19911231    25.6
19920101 19921231    26.2
19930101 19931231    25.3
19940101 19941231    25.4
19950101 19951231    25.7
19960101 19961231    26.0
19970101 19971231    24.9
19980101 19981231    26.1
19990101 19991231    24.7
20000101 20001231    25.0
20010101 20011231    26.0
20020101 20021231    26.5
20030101 20031231    25.9
20040101 20041231    25.7
20050101 20051231    25.6
20060101 20061231    25.0
20070101 20071231 99999.9
20080101 20081231 99999.9
20090101 20091231 99999.9
20100101 20101231 99999.9
20110101 20111231 99999.9
20120101 20121231 99999.9
