MAX TEMP   041522 19100101 20121231 missing_value=99999.9    DALBY AIRPORT      
19100101 19101231    26.3
19110101 19111231    26.2
19120101 19121231    27.0
19130101 19131231    27.0
19140101 19141231    26.9
19150101 19151231    28.1
19160101 19161231    25.6
19170101 19171231    25.1
19180101 19181231    26.3
19190101 19191231    27.6
19200101 19201231    25.6
19210101 19211231    26.1
19220101 19221231    27.2
19230101 19231231    27.7
19240101 19241231    26.1
19250101 19251231    25.9
19260101 19261231    27.7
19270101 19271231    25.8
19280101 19281231    26.6
19290101 19291231    26.6
19300101 19301231    25.4
19310101 19311231    26.0
19320101 19321231    26.4
19330101 19331231    25.7
19340101 19341231    25.1
19350101 19351231    26.3
19360101 19361231    26.7
19370101 19371231    26.2
19380101 19381231    26.7
19390101 19391231    25.7
19400101 19401231    26.9
19410101 19411231    26.1
19420101 19421231    26.3
19430101 19431231    25.6
19440101 19441231    26.2
19450101 19451231    25.9
19460101 19461231    27.2
19470101 19471231    25.4
19480101 19481231    26.3
19490101 19491231    25.9
19500101 19501231    25.1
19510101 19511231    26.7
19520101 19521231    26.1
19530101 19531231    26.9
19540101 19541231    25.8
19550101 19551231    26.3
19560101 19561231    25.1
19570101 19571231    27.4
19580101 19581231    26.7
19590101 19591231    25.9
19600101 19601231    26.3
19610101 19611231    26.6
19620101 19621231    26.3
19630101 19631231    25.8
19640101 19641231    26.1
19650101 19651231    26.7
19660101 19661231    25.9
19670101 19671231    25.9
19680101 19681231    26.1
19690101 19691231    26.3
19700101 19701231    26.2
19710101 19711231    25.2
19720101 19721231    25.7
19730101 19731231    26.5
19740101 19741231    25.0
19750101 19751231    25.5
19760101 19761231    25.5
19770101 19771231    26.5
19780101 19781231    24.9
19790101 19791231    26.9
19800101 19801231    27.4
19810101 19811231    26.1
19820101 19821231    26.8
19830101 19831231    25.8
19840101 19841231    25.5
19850101 19851231    26.1
19860101 19861231    26.8
19870101 19871231    26.6
19880101 19881231    26.4
19890101 19891231    25.6
19900101 19901231    26.2
19910101 19911231    27.6
19920101 19921231    26.3
19930101 19931231    27.1
19940101 19941231    26.6
19950101 19951231    26.2
19960101 19961231    26.2
19970101 19971231    26.9
19980101 19981231    26.4
19990101 19991231    25.7
20000101 20001231    26.5
20010101 20011231    27.0
20020101 20021231    27.8
20030101 20031231    26.6
20040101 20041231    27.5
20050101 20051231    28.1
20060101 20061231    28.0
20070101 20071231    27.0
20080101 20081231    26.1
20090101 20091231    27.7
20100101 20101231    25.4
20110101 20111231    25.7
20120101 20121231    26.5
