MAX TEMP   094198 19240101 20121231 missing_value=99999.9    CAPE BRUNY (CAPE BR
19240101 19241231    15.1
19250101 19251231    14.9
19260101 19261231    15.7
19270101 19271231    15.1
19280101 19281231    16.1
19290101 19291231    15.4
19300101 19301231    16.1
19310101 19311231    15.1
19320101 19321231    15.7
19330101 19331231    15.0
19340101 19341231    16.1
19350101 19351231    15.6
19360101 19361231    15.5
19370101 19371231    15.5
19380101 19381231    16.2
19390101 19391231    15.7
19400101 19401231    15.5
19410101 19411231    15.2
19420101 19421231    15.3
19430101 19431231    14.8
19440101 19441231    15.0
19450101 19451231    15.3
19460101 19461231    14.4
19470101 19471231    15.8
19480101 19481231    15.1
19490101 19491231    14.7
19500101 19501231    15.6
19510101 19511231    15.7
19520101 19521231    15.3
19530101 19531231    15.3
19540101 19541231    15.6
19550101 19551231    15.4
19560101 19561231    15.3
19570101 19571231    15.5
19580101 19581231    15.1
19590101 19591231    15.8
19600101 19601231    15.6
19610101 19611231    16.2
19620101 19621231    15.3
19630101 19631231    15.1
19640101 19641231    14.6
19650101 19651231    14.9
19660101 19661231    15.7
19670101 19671231    15.8
19680101 19681231    15.3
19690101 19691231    15.2
19700101 19701231    15.3
19710101 19711231    16.0
19720101 19721231    16.2
19730101 19731231    15.9
19740101 19741231    15.9
19750101 19751231    15.5
19760101 19761231    15.2
19770101 19771231    15.6
19780101 19781231    15.3
19790101 19791231    15.6
19800101 19801231    15.7
19810101 19811231    16.1
19820101 19821231    15.7
19830101 19831231    15.3
19840101 19841231    15.3
19850101 19851231    15.6
19860101 19861231    15.1
19870101 19871231    15.4
19880101 19881231    16.3
19890101 19891231    16.1
19900101 19901231    15.8
19910101 19911231    15.3
19920101 19921231    15.0
19930101 19931231    16.0
19940101 19941231    15.7
19950101 19951231    14.9
19960101 19961231    14.9
19970101 19971231    15.2
19980101 19981231    15.5
19990101 19991231    16.2
20000101 20001231    16.1
20010101 20011231    16.1
20020101 20021231    16.0
20030101 20031231    15.7
20040101 20041231    15.1
20050101 20051231    16.1
20060101 20061231    15.4
20070101 20071231    16.5
20080101 20081231    15.9
20090101 20091231    15.8
20100101 20101231    16.3
20110101 20111231    15.7
20120101 20121231 99999.9
