MAX TEMP   060026 19100101 20121231 missing_value=99999.9    PORT MACQUARIE (HIL
19100101 19101231    23.2
19110101 19111231    22.9
19120101 19121231    23.1
19130101 19131231    22.8
19140101 19141231    23.5
19150101 19151231    23.7
19160101 19161231    23.1
19170101 19171231    22.8
19180101 19181231    22.7
19190101 19191231    23.3
19200101 19201231    22.8
19210101 19211231    22.8
19220101 19221231    23.0
19230101 19231231    22.8
19240101 19241231    22.4
19250101 19251231    22.3
19260101 19261231    23.0
19270101 19271231    22.4
19280101 19281231    23.1
19290101 19291231    22.5
19300101 19301231    22.7
19310101 19311231    22.5
19320101 19321231    22.3
19330101 19331231    22.1
19340101 19341231    22.0
19350101 19351231    22.2
19360101 19361231    22.5
19370101 19371231    22.4
19380101 19381231    22.4
19390101 19391231    22.5
19400101 19401231    22.5
19410101 19411231    22.3
19420101 19421231    22.5
19430101 19431231    22.0
19440101 19441231    22.4
19450101 19451231    22.7
19460101 19461231    22.7
19470101 19471231    22.5
19480101 19481231    22.0
19490101 19491231    22.2
19500101 19501231    21.3
19510101 19511231    22.2
19520101 19521231    22.2
19530101 19531231    22.0
19540101 19541231    22.1
19550101 19551231    22.1
19560101 19561231    21.8
19570101 19571231    22.3
19580101 19581231    22.8
19590101 19591231    22.3
19600101 19601231    22.0
19610101 19611231    21.9
19620101 19621231    22.0
19630101 19631231    21.9
19640101 19641231    22.4
19650101 19651231    22.3
19660101 19661231    22.1
19670101 19671231    22.2
19680101 19681231    22.5
19690101 19691231    22.4
19700101 19701231    22.5
19710101 19711231    22.1
19720101 19721231    22.1
19730101 19731231    23.5
19740101 19741231    22.5
19750101 19751231    23.2
19760101 19761231    22.2
19770101 19771231    23.1
19780101 19781231    22.2
19790101 19791231    22.5
19800101 19801231    23.0
19810101 19811231    22.5
19820101 19821231    22.2
19830101 19831231    22.3
19840101 19841231    22.2
19850101 19851231    22.3
19860101 19861231    22.4
19870101 19871231    22.6
19880101 19881231    22.9
19890101 19891231    22.4
19900101 19901231    22.6
19910101 19911231    23.3
19920101 19921231    22.4
19930101 19931231    22.6
19940101 19941231    22.8
19950101 19951231    22.2
19960101 19961231    22.4
19970101 19971231    22.9
19980101 19981231 99999.9
19990101 19991231    22.6
20000101 20001231 99999.9
20010101 20011231    23.1
20020101 20021231    23.3
20030101 20031231 99999.9
20040101 20041231 99999.9
20050101 20051231 99999.9
20060101 20061231 99999.9
20070101 20071231 99999.9
20080101 20081231 99999.9
20090101 20091231 99999.9
20100101 20101231 99999.9
20110101 20111231 99999.9
20120101 20121231 99999.9
