MAX TEMP   004035 19100101 20121231 missing_value=99999.9    ROEBOURNE          
19100101 19101231    34.0
19110101 19111231    33.6
19120101 19121231    34.2
19130101 19131231    33.4
19140101 19141231    34.4
19150101 19151231    33.4
19160101 19161231    33.9
19170101 19171231    32.9
19180101 19181231    33.6
19190101 19191231    34.5
19200101 19201231    34.6
19210101 19211231    33.3
19220101 19221231    33.7
19230101 19231231    33.1
19240101 19241231    34.4
19250101 19251231    33.6
19260101 19261231    34.0
19270101 19271231    33.8
19280101 19281231    34.3
19290101 19291231    33.5
19300101 19301231    34.1
19310101 19311231    33.7
19320101 19321231    34.4
19330101 19331231    33.6
19340101 19341231    32.2
19350101 19351231    33.2
19360101 19361231    34.4
19370101 19371231    33.4
19380101 19381231    34.6
19390101 19391231    32.6
19400101 19401231    34.2
19410101 19411231    33.6
19420101 19421231    32.8
19430101 19431231    33.9
19440101 19441231    34.1
19450101 19451231    33.6
19460101 19461231    33.3
19470101 19471231    33.4
19480101 19481231    33.8
19490101 19491231    33.2
19500101 19501231    33.5
19510101 19511231    33.5
19520101 19521231    33.1
19530101 19531231    34.1
19540101 19541231    33.9
19550101 19551231    32.9
19560101 19561231    33.0
19570101 19571231    34.7
19580101 19581231    33.5
19590101 19591231    34.5
19600101 19601231    33.3
19610101 19611231    34.0
19620101 19621231    34.0
19630101 19631231    33.2
19640101 19641231    34.2
19650101 19651231    34.2
19660101 19661231    32.8
19670101 19671231    33.8
19680101 19681231    33.0
19690101 19691231    34.5
19700101 19701231    34.4
19710101 19711231    34.0
19720101 19721231    35.4
19730101 19731231    34.3
19740101 19741231    33.3
19750101 19751231    34.1
19760101 19761231    34.5
19770101 19771231    35.0
19780101 19781231    33.5
19790101 19791231    34.7
19800101 19801231    34.6
19810101 19811231    34.1
19820101 19821231    34.0
19830101 19831231    34.9
19840101 19841231    34.0
19850101 19851231    34.1
19860101 19861231    33.4
19870101 19871231    33.8
19880101 19881231    34.8
19890101 19891231    33.8
19900101 19901231    34.8
19910101 19911231    34.8
19920101 19921231    34.0
19930101 19931231    34.4
19940101 19941231    35.7
19950101 19951231    33.7
19960101 19961231    35.6
19970101 19971231    34.2
19980101 19981231    35.1
19990101 19991231    33.9
20000101 20001231    33.3
20010101 20011231    33.8
20020101 20021231    35.8
20030101 20031231    35.0
20040101 20041231    35.0
20050101 20051231    35.3
20060101 20061231    34.4
20070101 20071231    35.2
20080101 20081231    34.7
20090101 20091231    35.2
20100101 20101231    35.7
20110101 20111231    33.6
20120101 20121231    34.7
