MAX TEMP   091293 19100101 20121231 missing_value=99999.9    LOW HEAD           
19100101 19101231    16.3
19110101 19111231    15.9
19120101 19121231    15.8
19130101 19131231    15.7
19140101 19141231    16.3
19150101 19151231    15.7
19160101 19161231    15.6
19170101 19171231    15.7
19180101 19181231    16.3
19190101 19191231    16.1
19200101 19201231    15.8
19210101 19211231    16.3
19220101 19221231    16.1
19230101 19231231    15.5
19240101 19241231    15.2
19250101 19251231    15.4
19260101 19261231    15.7
19270101 19271231    15.3
19280101 19281231    16.2
19290101 19291231    15.2
19300101 19301231    16.1
19310101 19311231    15.5
19320101 19321231    15.7
19330101 19331231    15.5
19340101 19341231    16.2
19350101 19351231    15.8
19360101 19361231    15.9
19370101 19371231    16.0
19380101 19381231    15.9
19390101 19391231    16.0
19400101 19401231    15.8
19410101 19411231    15.9
19420101 19421231    15.6
19430101 19431231    15.8
19440101 19441231    15.5
19450101 19451231    15.2
19460101 19461231    15.0
19470101 19471231    16.1
19480101 19481231    15.6
19490101 19491231    15.2
19500101 19501231    16.0
19510101 19511231    16.0
19520101 19521231    15.4
19530101 19531231    15.7
19540101 19541231    15.9
19550101 19551231    15.8
19560101 19561231    16.1
19570101 19571231 99999.9
19580101 19581231    15.8
19590101 19591231    16.4
19600101 19601231    16.0
19610101 19611231    17.0
19620101 19621231    16.2
19630101 19631231    16.0
19640101 19641231    15.3
19650101 19651231    15.8
19660101 19661231    16.4
19670101 19671231    16.5
19680101 19681231    15.7
19690101 19691231    16.2
19700101 19701231    16.3
19710101 19711231    16.1
19720101 19721231    16.7
19730101 19731231 99999.9
19740101 19741231    16.5
19750101 19751231    16.0
19760101 19761231    16.2
19770101 19771231    15.7
19780101 19781231    15.8
19790101 19791231    16.1
19800101 19801231    16.2
19810101 19811231    16.7
19820101 19821231    16.2
19830101 19831231    16.1
19840101 19841231    16.1
19850101 19851231    16.5
19860101 19861231    15.8
19870101 19871231    16.2
19880101 19881231    17.3
19890101 19891231    16.8
19900101 19901231    16.5
19910101 19911231    16.0
19920101 19921231    15.7
19930101 19931231    16.4
19940101 19941231    16.0
19950101 19951231    15.7
19960101 19961231    15.6
19970101 19971231    16.3
19980101 19981231    16.3
19990101 19991231    17.0
20000101 20001231    17.0
20010101 20011231    16.8
20020101 20021231    16.5
20030101 20031231    16.5
20040101 20041231    16.0
20050101 20051231    16.6
20060101 20061231    16.1
20070101 20071231    17.0
20080101 20081231    16.5
20090101 20091231    16.6
20100101 20101231    16.8
20110101 20111231    16.5
20120101 20121231    16.8
