MAX TEMP   014015 19100101 20121231 missing_value=99999.9    DARWIN AIRPORT     
19100101 19101231    31.8
19110101 19111231    31.7
19120101 19121231    32.0
19130101 19131231    31.3
19140101 19141231    31.6
19150101 19151231    32.0
19160101 19161231    32.5
19170101 19171231    31.7
19180101 19181231    31.6
19190101 19191231    31.6
19200101 19201231    32.3
19210101 19211231    32.2
19220101 19221231    31.7
19230101 19231231    31.7
19240101 19241231    32.4
19250101 19251231    31.3
19260101 19261231    32.2
19270101 19271231    32.4
19280101 19281231    32.2
19290101 19291231    31.7
19300101 19301231    31.8
19310101 19311231    32.3
19320101 19321231    32.0
19330101 19331231    31.6
19340101 19341231    31.7
19350101 19351231    31.7
19360101 19361231    32.2
19370101 19371231    32.3
19380101 19381231    32.3
19390101 19391231    31.5
19400101 19401231    31.5
19410101 19411231    31.7
19420101 19421231 99999.9
19430101 19431231    31.0
19440101 19441231 99999.9
19450101 19451231    31.8
19460101 19461231 99999.9
19470101 19471231    31.9
19480101 19481231    31.7
19490101 19491231    31.1
19500101 19501231    31.3
19510101 19511231    31.9
19520101 19521231    32.2
19530101 19531231    31.5
19540101 19541231    31.6
19550101 19551231    31.9
19560101 19561231    31.4
19570101 19571231    31.5
19580101 19581231    32.6
19590101 19591231    31.9
19600101 19601231    31.5
19610101 19611231    31.8
19620101 19621231    32.1
19630101 19631231    31.4
19640101 19641231    32.0
19650101 19651231    31.8
19660101 19661231    32.1
19670101 19671231    31.8
19680101 19681231    31.2
19690101 19691231    32.0
19700101 19701231    32.1
19710101 19711231    31.2
19720101 19721231    31.7
19730101 19731231    32.1
19740101 19741231    30.9
19750101 19751231    31.8
19760101 19761231    31.7
19770101 19771231    31.0
19780101 19781231    31.7
19790101 19791231    32.1
19800101 19801231    31.7
19810101 19811231    31.5
19820101 19821231    31.2
19830101 19831231    32.0
19840101 19841231    31.6
19850101 19851231    32.1
19860101 19861231    32.1
19870101 19871231    32.1
19880101 19881231    32.4
19890101 19891231    32.0
19900101 19901231    32.2
19910101 19911231    31.9
19920101 19921231    32.3
19930101 19931231    32.3
19940101 19941231    32.1
19950101 19951231    31.8
19960101 19961231    32.4
19970101 19971231    31.9
19980101 19981231    32.8
19990101 19991231    31.8
20000101 20001231    31.6
20010101 20011231    32.1
20020101 20021231    32.7
20030101 20031231    32.6
20040101 20041231    32.1
20050101 20051231    32.8
20060101 20061231    31.8
20070101 20071231    32.2
20080101 20081231    32.5
20090101 20091231    32.7
20100101 20101231    32.6
20110101 20111231    31.6
20120101 20121231    32.3
