MAX TEMP   007045 19100101 20121231 missing_value=99999.9    MEEKATHARRA AIRPORT
19100101 19101231    28.6
19110101 19111231    28.8
19120101 19121231    29.3
19130101 19131231    28.2
19140101 19141231    29.7
19150101 19151231    28.1
19160101 19161231    28.2
19170101 19171231    27.1
19180101 19181231    28.0
19190101 19191231    29.0
19200101 19201231    27.5
19210101 19211231    29.0
19220101 19221231    28.5
19230101 19231231    29.0
19240101 19241231    29.1
19250101 19251231    27.9
19260101 19261231    28.8
19270101 19271231    28.6
19280101 19281231    29.6
19290101 19291231    27.8
19300101 19301231    28.9
19310101 19311231    26.8
19320101 19321231    28.6
19330101 19331231    28.5
19340101 19341231    28.5
19350101 19351231    28.2
19360101 19361231    29.5
19370101 19371231    28.3
19380101 19381231    28.9
19390101 19391231    28.0
19400101 19401231    29.5
19410101 19411231    28.2
19420101 19421231    26.7
19430101 19431231    28.4
19440101 19441231    29.3
19450101 19451231    28.1
19460101 19461231    27.3
19470101 19471231    27.7
19480101 19481231    28.5
19490101 19491231    28.6
19500101 19501231    29.3
19510101 19511231    28.4
19520101 19521231    27.7
19530101 19531231    28.2
19540101 19541231    28.8
19550101 19551231    27.2
19560101 19561231    28.3
19570101 19571231    29.4
19580101 19581231    28.2
19590101 19591231    29.9
19600101 19601231    27.4
19610101 19611231    28.9
19620101 19621231    29.1
19630101 19631231    27.8
19640101 19641231    28.3
19650101 19651231    28.7
19660101 19661231    28.2
19670101 19671231    28.9
19680101 19681231    27.3
19690101 19691231    29.8
19700101 19701231    29.1
19710101 19711231    28.0
19720101 19721231    29.4
19730101 19731231    28.2
19740101 19741231    28.2
19750101 19751231    27.8
19760101 19761231    29.4
19770101 19771231    30.4
19780101 19781231    28.9
19790101 19791231    29.5
19800101 19801231    29.2
19810101 19811231    29.4
19820101 19821231    29.1
19830101 19831231    30.0
19840101 19841231    28.4
19850101 19851231    29.6
19860101 19861231    28.3
19870101 19871231    28.8
19880101 19881231    29.2
19890101 19891231    28.4
19900101 19901231    28.8
19910101 19911231    30.1
19920101 19921231    27.5
19930101 19931231    28.5
19940101 19941231    30.6
19950101 19951231    28.0
19960101 19961231    29.3
19970101 19971231    28.6
19980101 19981231    29.6
19990101 19991231    28.8
20000101 20001231    28.0
20010101 20011231    28.7
20020101 20021231    30.2
20030101 20031231    29.5
20040101 20041231    29.1
20050101 20051231    30.3
20060101 20061231    29.2
20070101 20071231    30.2
20080101 20081231    29.6
20090101 20091231    30.1
20100101 20101231    30.2
20110101 20111231    28.7
20120101 20121231    29.4
