MAX TEMP   008051 19100101 20121231 missing_value=99999.9    GERALDTON AIRPORT  
19100101 19101231    25.6
19110101 19111231    25.3
19120101 19121231    25.3
19130101 19131231    25.7
19140101 19141231    25.8
19150101 19151231    26.3
19160101 19161231    25.4
19170101 19171231    25.2
19180101 19181231    25.7
19190101 19191231    24.8
19200101 19201231    25.3
19210101 19211231    26.0
19220101 19221231    24.8
19230101 19231231    24.8
19240101 19241231    25.5
19250101 19251231    25.0
19260101 19261231    24.9
19270101 19271231    25.3
19280101 19281231    24.7
19290101 19291231    25.1
19300101 19301231    25.3
19310101 19311231    25.7
19320101 19321231    25.7
19330101 19331231    26.4
19340101 19341231    25.7
19350101 19351231    25.0
19360101 19361231    25.6
19370101 19371231    25.4
19380101 19381231    25.3
19390101 19391231    25.5
19400101 19401231    26.1
19410101 19411231    25.8
19420101 19421231    26.0
19430101 19431231    25.3
19440101 19441231    25.7
19450101 19451231    26.4
19460101 19461231    25.2
19470101 19471231    25.2
19480101 19481231    26.0
19490101 19491231    26.7
19500101 19501231    26.1
19510101 19511231    24.8
19520101 19521231    25.7
19530101 19531231    24.9
19540101 19541231    25.3
19550101 19551231    25.4
19560101 19561231    25.2
19570101 19571231    25.8
19580101 19581231    25.8
19590101 19591231    26.0
19600101 19601231    24.8
19610101 19611231    26.1
19620101 19621231    26.2
19630101 19631231    25.9
19640101 19641231    25.2
19650101 19651231    25.6
19660101 19661231    25.5
19670101 19671231    26.3
19680101 19681231    24.6
19690101 19691231    26.3
19700101 19701231    25.5
19710101 19711231    25.0
19720101 19721231    27.3
19730101 19731231    25.4
19740101 19741231    26.1
19750101 19751231    25.7
19760101 19761231    26.5
19770101 19771231    26.4
19780101 19781231    26.5
19790101 19791231    25.6
19800101 19801231    25.7
19810101 19811231    26.2
19820101 19821231    26.0
19830101 19831231    26.7
19840101 19841231    25.7
19850101 19851231    26.3
19860101 19861231    25.0
19870101 19871231    26.1
19880101 19881231    26.9
19890101 19891231    26.0
19900101 19901231    25.1
19910101 19911231    25.6
19920101 19921231    25.2
19930101 19931231    25.0
19940101 19941231    26.7
19950101 19951231    26.1
19960101 19961231    26.6
19970101 19971231    26.0
19980101 19981231    26.2
19990101 19991231    26.3
20000101 20001231    26.8
20010101 20011231    26.0
20020101 20021231    26.3
20030101 20031231    25.9
20040101 20041231    25.9
20050101 20051231    25.2
20060101 20061231    26.9
20070101 20071231    26.1
20080101 20081231    26.2
20090101 20091231    26.6
20100101 20101231    26.9
20110101 20111231    27.2
20120101 20121231 99999.9
