MAX TEMP   032025 19100101 20121231 missing_value=99999.9    INNISFAIL          
19100101 19101231    27.5
19110101 19111231    27.8
19120101 19121231    28.4
19130101 19131231    27.8
19140101 19141231    27.6
19150101 19151231    29.0
19160101 19161231    28.3
19170101 19171231    28.0
19180101 19181231    28.0
19190101 19191231    27.9
19200101 19201231    28.4
19210101 19211231    27.8
19220101 19221231    28.3
19230101 19231231    28.5
19240101 19241231    28.4
19250101 19251231    28.0
19260101 19261231    29.5
19270101 19271231    28.3
19280101 19281231    28.4
19290101 19291231    28.5
19300101 19301231    27.4
19310101 19311231    28.4
19320101 19321231    28.1
19330101 19331231    28.3
19340101 19341231    27.9
19350101 19351231    28.0
19360101 19361231    28.2
19370101 19371231    28.4
19380101 19381231    28.4
19390101 19391231    28.1
19400101 19401231    27.9
19410101 19411231    27.7
19420101 19421231    30.0
19430101 19431231    28.8
19440101 19441231    28.1
19450101 19451231    28.5
19460101 19461231    29.2
19470101 19471231    28.5
19480101 19481231    28.3
19490101 19491231    27.2
19500101 19501231    27.9
19510101 19511231    28.3
19520101 19521231    29.2
19530101 19531231    28.5
19540101 19541231    27.4
19550101 19551231    27.2
19560101 19561231    28.2
19570101 19571231    28.2
19580101 19581231    29.2
19590101 19591231    27.8
19600101 19601231    27.6
19610101 19611231    28.7
19620101 19621231    28.5
19630101 19631231    28.0
19640101 19641231    28.4
19650101 19651231    27.7
19660101 19661231    27.8
19670101 19671231    27.8
19680101 19681231    27.9
19690101 19691231    28.0
19700101 19701231    28.2
19710101 19711231    28.7
19720101 19721231    27.7
19730101 19731231    28.8
19740101 19741231    28.1
19750101 19751231    27.8
19760101 19761231    27.8
19770101 19771231    27.3
19780101 19781231    27.8
19790101 19791231    27.7
19800101 19801231    28.1
19810101 19811231    28.5
19820101 19821231    27.4
19830101 19831231    28.8
19840101 19841231    28.0
19850101 19851231    28.1
19860101 19861231    28.2
19870101 19871231    28.0
19880101 19881231    28.3
19890101 19891231    27.7
19900101 19901231    28.0
19910101 19911231    28.1
19920101 19921231    28.5
19930101 19931231    27.8
19940101 19941231    27.7
19950101 19951231    28.3
19960101 19961231    28.3
19970101 19971231    27.5
19980101 19981231    28.8
19990101 19991231    27.2
20000101 20001231    27.7
20010101 20011231    28.6
20020101 20021231    28.8
20030101 20031231    28.6
20040101 20041231    28.5
20050101 20051231    28.5
20060101 20061231    27.7
20070101 20071231    27.9
20080101 20081231    28.1
20090101 20091231    28.5
20100101 20101231    28.5
20110101 20111231    27.7
20120101 20121231    27.8
