MAX TEMP   006011 19100101 20121231 missing_value=99999.9    CARNARVON AIRPORT  
19100101 19101231    26.9
19110101 19111231    26.7
19120101 19121231    26.9
19130101 19131231    26.9
19140101 19141231    27.2
19150101 19151231    27.2
19160101 19161231    26.7
19170101 19171231    26.2
19180101 19181231    27.1
19190101 19191231    26.6
19200101 19201231    26.6
19210101 19211231    27.2
19220101 19221231    26.3
19230101 19231231    26.2
19240101 19241231    27.4
19250101 19251231    26.4
19260101 19261231    26.8
19270101 19271231    26.8
19280101 19281231    26.8
19290101 19291231    26.4
19300101 19301231    26.8
19310101 19311231    27.1
19320101 19321231    27.3
19330101 19331231    27.6
19340101 19341231    27.4
19350101 19351231    26.5
19360101 19361231    26.9
19370101 19371231    26.9
19380101 19381231    26.6
19390101 19391231    27.2
19400101 19401231    27.3
19410101 19411231    26.8
19420101 19421231    26.3
19430101 19431231    26.2
19440101 19441231    27.1
19450101 19451231    27.2
19460101 19461231    26.3
19470101 19471231    26.3
19480101 19481231    27.5
19490101 19491231    27.7
19500101 19501231    27.8
19510101 19511231    26.4
19520101 19521231    27.4
19530101 19531231    26.6
19540101 19541231    26.8
19550101 19551231    27.1
19560101 19561231    26.9
19570101 19571231    27.4
19580101 19581231    27.3
19590101 19591231    27.5
19600101 19601231    26.6
19610101 19611231    27.5
19620101 19621231    27.6
19630101 19631231    27.5
19640101 19641231    26.8
19650101 19651231    27.4
19660101 19661231    27.3
19670101 19671231    27.7
19680101 19681231    26.5
19690101 19691231    27.8
19700101 19701231    27.2
19710101 19711231    26.5
19720101 19721231    27.8
19730101 19731231    27.4
19740101 19741231    28.1
19750101 19751231    27.1
19760101 19761231    28.0
19770101 19771231    28.0
19780101 19781231    27.8
19790101 19791231    27.1
19800101 19801231    27.2
19810101 19811231    27.3
19820101 19821231    27.6
19830101 19831231    27.8
19840101 19841231    27.4
19850101 19851231    27.6
19860101 19861231    27.0
19870101 19871231    27.9
19880101 19881231    28.8
19890101 19891231    27.7
19900101 19901231    26.8
19910101 19911231    27.1
19920101 19921231    26.4
19930101 19931231    26.6
19940101 19941231    28.5
19950101 19951231    27.6
19960101 19961231    28.1
19970101 19971231    27.3
19980101 19981231    27.8
19990101 19991231    27.9
20000101 20001231    28.0
20010101 20011231    27.6
20020101 20021231    27.6
20030101 20031231    27.5
20040101 20041231    26.9
20050101 20051231    26.7
20060101 20061231    27.9
20070101 20071231    27.5
20080101 20081231    27.5
20090101 20091231    28.0
20100101 20101231    27.8
20110101 20111231    28.6
20120101 20121231    28.9
