MAX TEMP   044010 19100101 20121231 missing_value=99999.9    BOLLON MARY ST     
19100101 19101231    27.0
19110101 19111231    26.9
19120101 19121231    28.1
19130101 19131231    27.4
19140101 19141231    28.8
19150101 19151231    29.6
19160101 19161231    27.4
19170101 19171231    26.5
19180101 19181231    28.1
19190101 19191231    29.4
19200101 19201231    26.8
19210101 19211231    27.2
19220101 19221231    28.7
19230101 19231231    28.8
19240101 19241231    27.0
19250101 19251231    27.2
19260101 19261231    28.1
19270101 19271231    28.1
19280101 19281231    28.5
19290101 19291231    28.2
19300101 19301231    27.7
19310101 19311231    27.6
19320101 19321231    28.1
19330101 19331231    27.2
19340101 19341231    27.0
19350101 19351231    28.1
19360101 19361231    28.2
19370101 19371231    28.1
19380101 19381231    29.2
19390101 19391231    27.2
19400101 19401231    28.6
19410101 19411231    27.0
19420101 19421231    28.0
19430101 19431231    27.2
19440101 19441231    28.1
19450101 19451231    27.8
19460101 19461231    28.0
19470101 19471231    26.3
19480101 19481231    27.7
19490101 19491231    26.9
19500101 19501231    25.8
19510101 19511231    27.8
19520101 19521231    27.2
19530101 19531231    26.9
19540101 19541231    27.1
19550101 19551231    26.8
19560101 19561231    25.6
19570101 19571231    28.6
19580101 19581231    27.8
19590101 19591231    27.4
19600101 19601231    27.0
19610101 19611231    28.0
19620101 19621231    27.8
19630101 19631231    26.9
19640101 19641231    28.3
19650101 19651231    28.9
19660101 19661231    27.7
19670101 19671231    28.0
19680101 19681231    27.1
19690101 19691231    27.3
19700101 19701231    27.3
19710101 19711231    26.8
19720101 19721231    28.0
19730101 19731231    27.7
19740101 19741231    26.4
19750101 19751231    27.9
19760101 19761231    26.3
19770101 19771231    28.1
19780101 19781231    26.9
19790101 19791231    28.4
19800101 19801231    29.1
19810101 19811231    27.6
19820101 19821231    27.9
19830101 19831231    26.7
19840101 19841231    26.7
19850101 19851231    28.0
19860101 19861231    28.0
19870101 19871231    27.4
19880101 19881231    27.4
19890101 19891231    26.4
19900101 19901231    27.0
19910101 19911231    28.3
19920101 19921231    27.2
19930101 19931231    27.9
19940101 19941231    27.3
19950101 19951231    27.9
19960101 19961231    27.8
19970101 19971231    28.2
19980101 19981231    27.9
19990101 19991231    27.4
20000101 20001231    27.5
20010101 20011231    28.4
20020101 20021231    29.7
20030101 20031231    29.0
20040101 20041231 99999.9
20050101 20051231    29.9
20060101 20061231    29.5
20070101 20071231 99999.9
20080101 20081231    28.1
20090101 20091231    29.5
20100101 20101231    26.1
20110101 20111231    28.0
20120101 20121231 99999.9
