MAX TEMP   037010 19100101 20121231 missing_value=99999.9    CAMOOWEAL TOWNSHIP 
19100101 19101231    32.5
19110101 19111231    32.8
19120101 19121231    33.7
19130101 19131231    32.9
19140101 19141231    33.9
19150101 19151231    34.2
19160101 19161231    32.6
19170101 19171231    31.9
19180101 19181231    32.5
19190101 19191231    33.0
19200101 19201231    32.5
19210101 19211231    32.3
19220101 19221231    33.0
19230101 19231231    33.0
19240101 19241231    32.5
19250101 19251231    32.3
19260101 19261231    34.1
19270101 19271231    33.1
19280101 19281231    34.0
19290101 19291231    33.0
19300101 19301231    32.3
19310101 19311231    34.5
19320101 19321231    34.0
19330101 19331231    33.4
19340101 19341231    33.8
19350101 19351231    34.1
19360101 19361231    33.9
19370101 19371231    34.0
19380101 19381231    34.5
19390101 19391231    32.9
19400101 19401231    33.1
19410101 19411231    32.1
19420101 19421231    34.8
19430101 19431231    33.5
19440101 19441231    32.7
19450101 19451231    33.8
19460101 19461231    33.4
19470101 19471231    33.5
19480101 19481231    33.8
19490101 19491231    32.2
19500101 19501231    31.4
19510101 19511231    33.2
19520101 19521231    33.4
19530101 19531231    33.1
19540101 19541231    33.3
19550101 19551231    33.6
19560101 19561231    31.9
19570101 19571231    33.0
19580101 19581231    33.3
19590101 19591231    33.5
19600101 19601231    32.6
19610101 19611231    33.7
19620101 19621231    33.5
19630101 19631231    33.4
19640101 19641231    33.7
19650101 19651231    33.6
19660101 19661231    32.7
19670101 19671231    33.3
19680101 19681231    32.9
19690101 19691231    33.6
19700101 19701231    34.5
19710101 19711231    33.0
19720101 19721231    33.9
19730101 19731231    33.6
19740101 19741231    31.2
19750101 19751231    32.2
19760101 19761231    31.2
19770101 19771231    32.1
19780101 19781231    32.5
19790101 19791231    32.8
19800101 19801231    34.4
19810101 19811231    33.4
19820101 19821231    33.1
19830101 19831231    33.3
19840101 19841231    32.1
19850101 19851231    33.6
19860101 19861231    34.1
19870101 19871231    33.5
19880101 19881231    34.6
19890101 19891231    33.3
19900101 19901231    34.1
19910101 19911231    33.2
19920101 19921231    33.8
19930101 19931231    33.3
19940101 19941231    33.8
19950101 19951231    33.7
19960101 19961231    34.0
19970101 19971231    33.5
19980101 19981231    33.5
19990101 19991231    33.7
20000101 20001231    32.5
20010101 20011231    33.5
20020101 20021231    35.0
20030101 20031231    33.6
20040101 20041231    33.4
20050101 20051231    34.3
20060101 20061231    32.8
20070101 20071231    33.2
20080101 20081231    34.5
20090101 20091231    32.9
20100101 20101231    32.3
20110101 20111231    31.5
20120101 20121231    33.5
