MAX TEMP   063005 19100101 20121231 missing_value=99999.9    BATHURST AGRICULTUR
19100101 19101231    19.9
19110101 19111231    18.9
19120101 19121231    20.1
19130101 19131231    19.9
19140101 19141231    21.3
19150101 19151231    20.5
19160101 19161231    19.1
19170101 19171231    17.8
19180101 19181231    20.4
19190101 19191231    21.9
19200101 19201231    19.8
19210101 19211231    20.1
19220101 19221231    20.6
19230101 19231231    20.4
19240101 19241231    19.4
19250101 19251231    19.2
19260101 19261231    19.6
19270101 19271231    19.3
19280101 19281231    19.9
19290101 19291231    19.8
19300101 19301231    19.8
19310101 19311231    18.9
19320101 19321231    19.7
19330101 19331231    20.0
19340101 19341231    19.7
19350101 19351231    19.3
19360101 19361231    19.7
19370101 19371231    20.1
19380101 19381231    21.1
19390101 19391231    20.2
19400101 19401231    21.0
19410101 19411231    19.5
19420101 19421231    19.9
19430101 19431231    18.7
19440101 19441231    19.5
19450101 19451231    20.1
19460101 19461231    20.2
19470101 19471231    20.5
19480101 19481231    20.2
19490101 19491231    19.8
19500101 19501231    20.5
19510101 19511231    20.0
19520101 19521231    19.5
19530101 19531231    19.9
19540101 19541231    20.0
19550101 19551231    19.4
19560101 19561231    18.6
19570101 19571231    20.5
19580101 19581231    19.7
19590101 19591231    20.5
19600101 19601231    19.2
19610101 19611231    20.5
19620101 19621231    19.8
19630101 19631231    19.6
19640101 19641231    19.4
19650101 19651231    20.9
19660101 19661231    19.3
19670101 19671231    20.3
19680101 19681231    19.7
19690101 19691231    19.6
19700101 19701231    19.1
19710101 19711231    19.4
19720101 19721231    19.6
19730101 19731231    19.1
19740101 19741231    18.9
19750101 19751231    19.7
19760101 19761231    19.0
19770101 19771231    20.5
19780101 19781231    18.6
19790101 19791231    20.5
19800101 19801231    21.2
19810101 19811231    20.1
19820101 19821231    21.3
19830101 19831231    19.7
19840101 19841231    18.9
19850101 19851231    19.7
19860101 19861231    19.6
19870101 19871231    19.6
19880101 19881231    20.0
19890101 19891231    18.9
19900101 19901231    19.7
19910101 19911231    20.6
19920101 19921231    18.4
19930101 19931231    19.9
19940101 19941231    20.4
19950101 19951231    19.5
19960101 19961231    19.5
19970101 19971231    21.3
19980101 19981231    20.3
19990101 19991231    20.3
20000101 20001231    19.8
20010101 20011231    20.8
20020101 20021231    21.6
20030101 20031231    20.3
20040101 20041231    21.3
20050101 20051231    21.3
20060101 20061231    22.2
20070101 20071231    21.2
20080101 20081231    20.2
20090101 20091231    21.7
20100101 20101231    20.0
20110101 20111231    20.1
20120101 20121231    20.4
