MAX TEMP   009842 19100101 20121231 missing_value=99999.9    JARRAHWOOD         
19100101 19101231    21.6
19110101 19111231    21.6
19120101 19121231    22.1
19130101 19131231    21.8
19140101 19141231    22.2
19150101 19151231    22.8
19160101 19161231    22.1
19170101 19171231    21.1
19180101 19181231    22.2
19190101 19191231    21.9
19200101 19201231    22.5
19210101 19211231    22.4
19220101 19221231    21.5
19230101 19231231    21.6
19240101 19241231    21.9
19250101 19251231    22.0
19260101 19261231    21.7
19270101 19271231    21.9
19280101 19281231    22.1
19290101 19291231    21.7
19300101 19301231    22.9
19310101 19311231    22.4
19320101 19321231    22.7
19330101 19331231    22.8
19340101 19341231    22.6
19350101 19351231    21.8
19360101 19361231    22.8
19370101 19371231    22.6
19380101 19381231    22.1
19390101 19391231    22.3
19400101 19401231    22.7
19410101 19411231    22.5
19420101 19421231    22.0
19430101 19431231    22.0
19440101 19441231    22.5
19450101 19451231    22.0
19460101 19461231    21.9
19470101 19471231    21.9
19480101 19481231    22.9
19490101 19491231    23.3
19500101 19501231    22.5
19510101 19511231    21.9
19520101 19521231    22.5
19530101 19531231    21.8
19540101 19541231    22.2
19550101 19551231    21.8
19560101 19561231    22.0
19570101 19571231    22.9
19580101 19581231    22.2
19590101 19591231    22.6
19600101 19601231    21.3
19610101 19611231    22.6
19620101 19621231    22.6
19630101 19631231    22.4
19640101 19641231    21.8
19650101 19651231    22.2
19660101 19661231    22.1
19670101 19671231    22.6
19680101 19681231    20.9
19690101 19691231    22.4
19700101 19701231    22.2
19710101 19711231    21.3
19720101 19721231    23.0
19730101 19731231    21.9
19740101 19741231    22.3
19750101 19751231    22.4
19760101 19761231    22.5
19770101 19771231    23.1
19780101 19781231    23.3
19790101 19791231    22.3
19800101 19801231    22.0
19810101 19811231    21.8
19820101 19821231    22.3
19830101 19831231    23.0
19840101 19841231    22.0
19850101 19851231    22.7
19860101 19861231    21.8
19870101 19871231    22.7
19880101 19881231    23.0
19890101 19891231    22.7
19900101 19901231    22.1
19910101 19911231    22.9
19920101 19921231    22.4
19930101 19931231    22.4
19940101 19941231    23.3
19950101 19951231    22.8
19960101 19961231    22.6
19970101 19971231    22.9
19980101 19981231    22.8
19990101 19991231    23.4
20000101 20001231    23.0
20010101 20011231    22.7
20020101 20021231    22.8
20030101 20031231    23.1
20040101 20041231    23.0
20050101 20051231    21.9
20060101 20061231    23.0
20070101 20071231    22.6
20080101 20081231    22.6
20090101 20091231    23.3
20100101 20101231    23.7
20110101 20111231    23.9
20120101 20121231    23.8
