MAX TEMP   058012 19100101 20121231 missing_value=99999.9    YAMBA PILOT STATION
19100101 19101231    22.4
19110101 19111231    22.3
19120101 19121231    22.9
19130101 19131231    22.9
19140101 19141231    22.6
19150101 19151231    23.4
19160101 19161231    22.6
19170101 19171231    22.1
19180101 19181231    22.2
19190101 19191231    22.6
19200101 19201231    22.0
19210101 19211231    22.3
19220101 19221231    22.6
19230101 19231231    22.7
19240101 19241231    22.4
19250101 19251231    22.0
19260101 19261231    22.7
19270101 19271231    22.3
19280101 19281231    22.9
19290101 19291231    22.6
19300101 19301231    22.6
19310101 19311231    22.9
19320101 19321231    22.6
19330101 19331231    22.3
19340101 19341231    22.1
19350101 19351231    22.3
19360101 19361231    22.5
19370101 19371231    22.6
19380101 19381231    23.0
19390101 19391231    22.7
19400101 19401231    23.2
19410101 19411231    22.7
19420101 19421231    22.9
19430101 19431231    22.4
19440101 19441231    22.6
19450101 19451231    23.1
19460101 19461231    23.5
19470101 19471231    22.8
19480101 19481231    22.5
19490101 19491231    22.2
19500101 19501231    22.2
19510101 19511231    22.5
19520101 19521231    23.2
19530101 19531231    23.0
19540101 19541231    22.7
19550101 19551231    23.0
19560101 19561231    23.0
19570101 19571231    23.5
19580101 19581231    23.7
19590101 19591231    22.5
19600101 19601231    22.6
19610101 19611231    22.4
19620101 19621231    22.8
19630101 19631231    22.5
19640101 19641231    23.2
19650101 19651231    23.4
19660101 19661231    23.1
19670101 19671231    22.9
19680101 19681231    23.4
19690101 19691231    23.8
19700101 19701231    23.6
19710101 19711231    22.8
19720101 19721231    22.8
19730101 19731231    23.7
19740101 19741231    22.7
19750101 19751231    23.3
19760101 19761231    22.9
19770101 19771231    23.0
19780101 19781231    22.7
19790101 19791231    23.0
19800101 19801231    23.6
19810101 19811231    23.2
19820101 19821231    22.7
19830101 19831231    22.8
19840101 19841231    22.5
19850101 19851231    22.7
19860101 19861231    23.1
19870101 19871231    23.1
19880101 19881231    23.7
19890101 19891231    23.2
19900101 19901231    23.4
19910101 19911231    24.0
19920101 19921231    23.3
19930101 19931231    23.2
19940101 19941231    23.3
19950101 19951231    23.4
19960101 19961231    23.6
19970101 19971231    23.3
19980101 19981231    23.8
19990101 19991231    23.1
20000101 20001231    23.2
20010101 20011231    23.9
20020101 20021231    24.0
20030101 20031231    23.6
20040101 20041231    24.0
20050101 20051231    23.9
20060101 20061231    23.5
20070101 20071231    23.9
20080101 20081231    23.6
20090101 20091231    24.3
20100101 20101231    23.7
20110101 20111231 99999.9
20120101 20121231    23.8
