MAX TEMP   013017 19570101 20121231 missing_value=99999.9    GILES METEOROLOGICA
19570101 19571231    29.5
19580101 19581231    28.7
19590101 19591231    29.3
19600101 19601231    28.2
19610101 19611231    29.5
19620101 19621231    28.5
19630101 19631231    29.9
19640101 19641231    29.4
19650101 19651231    30.3
19660101 19661231    28.7
19670101 19671231    28.9
19680101 19681231    28.2
19690101 19691231    29.2
19700101 19701231    29.7
19710101 19711231    29.6
19720101 19721231    29.9
19730101 19731231    29.4
19740101 19741231    27.4
19750101 19751231    28.9
19760101 19761231    28.8
19770101 19771231    29.9
19780101 19781231    28.4
19790101 19791231    29.7
19800101 19801231    30.6
19810101 19811231    29.5
19820101 19821231    29.0
19830101 19831231    29.2
19840101 19841231    28.9
19850101 19851231    30.1
19860101 19861231    29.8
19870101 19871231    29.2
19880101 19881231    29.6
19890101 19891231    28.6
19900101 19901231    30.0
19910101 19911231    30.7
19920101 19921231    28.8
19930101 19931231    29.3
19940101 19941231    30.3
19950101 19951231    29.3
19960101 19961231    30.5
19970101 19971231    29.2
19980101 19981231    29.6
19990101 19991231    28.6
20000101 20001231    27.9
20010101 20011231    27.6
20020101 20021231    30.1
20030101 20031231    29.5
20040101 20041231    29.6
20050101 20051231    30.4
20060101 20061231    29.7
20070101 20071231    29.8
20080101 20081231    30.1
20090101 20091231    30.4
20100101 20101231    28.8
20110101 20111231    28.9
20120101 20121231    29.8
