MAX TEMP   010311 19100101 20121231 missing_value=99999.9    YORK               
19100101 19101231    24.6
19110101 19111231    24.8
19120101 19121231    25.4
19130101 19131231    24.5
19140101 19141231    25.8
19150101 19151231    24.9
19160101 19161231    24.0
19170101 19171231    22.7
19180101 19181231    24.4
19190101 19191231    24.6
19200101 19201231    24.8
19210101 19211231    25.2
19220101 19221231    24.2
19230101 19231231    24.5
19240101 19241231    24.4
19250101 19251231    24.1
19260101 19261231    24.1
19270101 19271231    24.3
19280101 19281231    24.6
19290101 19291231    23.9
19300101 19301231    25.2
19310101 19311231    24.0
19320101 19321231    24.2
19330101 19331231    24.9
19340101 19341231    24.1
19350101 19351231    24.1
19360101 19361231    24.8
19370101 19371231    24.7
19380101 19381231    24.7
19390101 19391231    24.9
19400101 19401231    25.3
19410101 19411231    24.6
19420101 19421231    23.9
19430101 19431231    23.9
19440101 19441231    24.9
19450101 19451231    24.8
19460101 19461231    24.5
19470101 19471231    24.4
19480101 19481231    25.2
19490101 19491231    25.4
19500101 19501231    25.5
19510101 19511231    24.5
19520101 19521231    24.5
19530101 19531231    24.4
19540101 19541231    25.0
19550101 19551231    23.4
19560101 19561231    24.6
19570101 19571231    25.3
19580101 19581231    25.0
19590101 19591231    25.2
19600101 19601231    23.9
19610101 19611231    25.3
19620101 19621231    25.6
19630101 19631231    24.8
19640101 19641231    24.3
19650101 19651231    24.7
19660101 19661231    24.5
19670101 19671231    25.3
19680101 19681231    23.8
19690101 19691231    25.7
19700101 19701231    25.2
19710101 19711231    23.9
19720101 19721231    26.3
19730101 19731231    24.7
19740101 19741231    24.9
19750101 19751231    25.0
19760101 19761231    25.8
19770101 19771231    25.8
19780101 19781231    25.4
19790101 19791231    25.0
19800101 19801231    25.1
19810101 19811231    24.3
19820101 19821231    25.1
19830101 19831231    26.0
19840101 19841231    24.9
19850101 19851231    25.9
19860101 19861231    24.1
19870101 19871231    25.4
19880101 19881231    25.3
19890101 19891231    25.0
19900101 19901231    24.4
19910101 19911231    25.7
19920101 19921231    24.5
19930101 19931231    25.1
19940101 19941231    26.8
19950101 19951231    25.3
19960101 19961231    26.0
19970101 19971231    25.2
19980101 19981231    25.4
19990101 19991231    25.5
20000101 20001231    25.2
20010101 20011231    24.9
20020101 20021231    25.6
20030101 20031231    25.5
20040101 20041231    25.4
20050101 20051231    24.8
20060101 20061231    25.7
20070101 20071231 99999.9
20080101 20081231 99999.9
20090101 20091231    25.9
20100101 20101231    26.5
20110101 20111231    25.8
20120101 20121231    26.2
