MAX TEMP   039123 19100101 20121231 missing_value=99999.9    GLADSTONE RADAR    
19100101 19101231    26.7
19110101 19111231    26.9
19120101 19121231    27.1
19130101 19131231    26.9
19140101 19141231    27.1
19150101 19151231    28.5
19160101 19161231    25.8
19170101 19171231    26.5
19180101 19181231    26.8
19190101 19191231    27.2
19200101 19201231    27.0
19210101 19211231    26.2
19220101 19221231    26.9
19230101 19231231    27.2
19240101 19241231    27.2
19250101 19251231    27.1
19260101 19261231    27.9
19270101 19271231    26.6
19280101 19281231    26.7
19290101 19291231    27.2
19300101 19301231    26.7
19310101 19311231    27.3
19320101 19321231    27.1
19330101 19331231    26.3
19340101 19341231    26.4
19350101 19351231    26.8
19360101 19361231    27.2
19370101 19371231    27.3
19380101 19381231    27.3
19390101 19391231    27.1
19400101 19401231    27.6
19410101 19411231    27.1
19420101 19421231    27.5
19430101 19431231    27.4
19440101 19441231    27.7
19450101 19451231    27.8
19460101 19461231    28.0
19470101 19471231    27.3
19480101 19481231    27.3
19490101 19491231    26.6
19500101 19501231    26.6
19510101 19511231    27.3
19520101 19521231    27.3
19530101 19531231    26.9
19540101 19541231    26.7
19550101 19551231    26.8
19560101 19561231    26.4
19570101 19571231    27.7
19580101 19581231    28.0
19590101 19591231    26.7
19600101 19601231    26.9
19610101 19611231    26.8
19620101 19621231    26.8
19630101 19631231    26.5
19640101 19641231    27.3
19650101 19651231    27.1
19660101 19661231    26.6
19670101 19671231    26.9
19680101 19681231    27.2
19690101 19691231    27.5
19700101 19701231    27.6
19710101 19711231    26.6
19720101 19721231    26.8
19730101 19731231    27.3
19740101 19741231    26.3
19750101 19751231    26.6
19760101 19761231    26.8
19770101 19771231    26.5
19780101 19781231    27.1
19790101 19791231    27.9
19800101 19801231    28.0
19810101 19811231    27.5
19820101 19821231    27.5
19830101 19831231    26.7
19840101 19841231    27.0
19850101 19851231    27.2
19860101 19861231    27.3
19870101 19871231    27.6
19880101 19881231    27.8
19890101 19891231    26.9
19900101 19901231    27.5
19910101 19911231    27.9
19920101 19921231    27.3
19930101 19931231    27.6
19940101 19941231    27.8
19950101 19951231    27.9
19960101 19961231    27.4
19970101 19971231    27.8
19980101 19981231    28.2
19990101 19991231    27.3
20000101 20001231    27.1
20010101 20011231    28.3
20020101 20021231    28.4
20030101 20031231    27.8
20040101 20041231    28.7
20050101 20051231    29.3
20060101 20061231    28.8
20070101 20071231    28.2
20080101 20081231    27.8
20090101 20091231    29.1
20100101 20101231    27.5
20110101 20111231    27.8
20120101 20121231    27.8
