MAX TEMP   004020 19100101 20121231 missing_value=99999.9    MARBLE BAR COMPARIS
19100101 19101231    34.9
19110101 19111231    35.1
19120101 19121231    35.1
19130101 19131231    34.5
19140101 19141231    35.3
19150101 19151231    34.6
19160101 19161231    34.9
19170101 19171231    33.7
19180101 19181231    35.2
19190101 19191231    35.0
19200101 19201231    33.7
19210101 19211231    34.0
19220101 19221231    34.5
19230101 19231231    34.3
19240101 19241231    35.5
19250101 19251231    33.7
19260101 19261231    35.1
19270101 19271231    34.5
19280101 19281231    35.7
19290101 19291231    34.3
19300101 19301231    34.8
19310101 19311231    33.4
19320101 19321231    34.8
19330101 19331231    34.0
19340101 19341231    33.5
19350101 19351231    34.6
19360101 19361231    35.9
19370101 19371231    34.3
19380101 19381231    35.6
19390101 19391231    33.7
19400101 19401231    35.4
19410101 19411231    34.8
19420101 19421231    33.3
19430101 19431231    33.9
19440101 19441231    36.1
19450101 19451231    34.6
19460101 19461231    34.8
19470101 19471231    34.6
19480101 19481231    35.0
19490101 19491231    34.4
19500101 19501231    34.9
19510101 19511231    35.5
19520101 19521231    35.1
19530101 19531231    35.4
19540101 19541231    35.6
19550101 19551231    34.1
19560101 19561231    34.8
19570101 19571231    35.9
19580101 19581231    35.6
19590101 19591231    36.5
19600101 19601231    34.7
19610101 19611231    35.4
19620101 19621231    35.3
19630101 19631231    34.1
19640101 19641231    35.1
19650101 19651231    35.4
19660101 19661231    34.0
19670101 19671231    34.8
19680101 19681231    33.5
19690101 19691231    35.1
19700101 19701231    35.0
19710101 19711231    34.0
19720101 19721231    35.5
19730101 19731231    34.7
19740101 19741231    33.6
19750101 19751231    35.1
19760101 19761231    35.1
19770101 19771231    36.0
19780101 19781231    34.1
19790101 19791231    35.8
19800101 19801231    35.6
19810101 19811231    35.5
19820101 19821231    34.9
19830101 19831231    35.2
19840101 19841231    33.8
19850101 19851231    36.6
19860101 19861231    35.2
19870101 19871231    35.2
19880101 19881231    35.5
19890101 19891231    35.4
19900101 19901231    36.3
19910101 19911231    36.6
19920101 19921231    35.4
19930101 19931231    35.1
19940101 19941231    36.4
19950101 19951231    34.6
19960101 19961231    36.6
19970101 19971231    35.3
19980101 19981231    35.6
19990101 19991231    34.0
20000101 20001231    33.6
20010101 20011231    34.1
20020101 20021231    36.0
20030101 20031231    35.6
20040101 20041231    34.9
20050101 20051231 99999.9
20060101 20061231 99999.9
20070101 20071231 99999.9
20080101 20081231 99999.9
20090101 20091231 99999.9
20100101 20101231 99999.9
20110101 20111231 99999.9
20120101 20121231 99999.9
