MAX TEMP   004032 19130101 20121231 missing_value=99999.9    PORT HEDLAND AIRPOR
19130101 19131231    32.4
19140101 19141231 99999.9
19150101 19151231    32.7
19160101 19161231    32.8
19170101 19171231    32.2
19180101 19181231    33.0
19190101 19191231    33.2
19200101 19201231    32.6
19210101 19211231    32.8
19220101 19221231    32.6
19230101 19231231    32.7
19240101 19241231    33.6
19250101 19251231    33.1
19260101 19261231    33.2
19270101 19271231    32.9
19280101 19281231    33.9
19290101 19291231    32.6
19300101 19301231    33.2
19310101 19311231    33.0
19320101 19321231    33.0
19330101 19331231    33.3
19340101 19341231    32.3
19350101 19351231    33.0
19360101 19361231    33.7
19370101 19371231    33.9
19380101 19381231    33.6
19390101 19391231    33.0
19400101 19401231    33.4
19410101 19411231    32.8
19420101 19421231    32.6
19430101 19431231    32.4
19440101 19441231    33.5
19450101 19451231    33.4
19460101 19461231    33.2
19470101 19471231    33.0
19480101 19481231    33.5
19490101 19491231    32.7
19500101 19501231    32.4
19510101 19511231    32.6
19520101 19521231    32.7
19530101 19531231    33.1
19540101 19541231    33.4
19550101 19551231    32.4
19560101 19561231    32.0
19570101 19571231    33.3
19580101 19581231    33.1
19590101 19591231    33.5
19600101 19601231    32.7
19610101 19611231    33.6
19620101 19621231    33.5
19630101 19631231    33.1
19640101 19641231    33.6
19650101 19651231    33.6
19660101 19661231    32.4
19670101 19671231    33.2
19680101 19681231    32.7
19690101 19691231    33.6
19700101 19701231    33.6
19710101 19711231    32.8
19720101 19721231    34.3
19730101 19731231    33.3
19740101 19741231    32.0
19750101 19751231    32.8
19760101 19761231    32.6
19770101 19771231    33.3
19780101 19781231    32.1
19790101 19791231    33.6
19800101 19801231    33.7
19810101 19811231    33.2
19820101 19821231    33.2
19830101 19831231    33.3
19840101 19841231    33.2
19850101 19851231    33.4
19860101 19861231    32.8
19870101 19871231    33.0
19880101 19881231    33.5
19890101 19891231    32.7
19900101 19901231    34.2
19910101 19911231    33.7
19920101 19921231    33.1
19930101 19931231    33.0
19940101 19941231    34.6
19950101 19951231    32.8
19960101 19961231    34.2
19970101 19971231    32.7
19980101 19981231    33.9
19990101 19991231    32.6
20000101 20001231    32.3
20010101 20011231    32.6
20020101 20021231    34.5
20030101 20031231    33.8
20040101 20041231    34.0
20050101 20051231    34.1
20060101 20061231    33.9
20070101 20071231    33.8
20080101 20081231    33.9
20090101 20091231    34.1
20100101 20101231    34.0
20110101 20111231    32.5
20120101 20121231    33.4
