MEAN TEMP  089085 19100101 20121231 missing_value=99999.9    ARARAT PRISON      
19100101 19101231    13.0
19110101 19111231    12.6
19120101 19121231    13.4
19130101 19131231    12.7
19140101 19141231    14.0
19150101 19151231    12.6
19160101 19161231    12.3
19170101 19171231    11.9
19180101 19181231    12.9
19190101 19191231    13.2
19200101 19201231    12.6
19210101 19211231    13.4
19220101 19221231    12.9
19230101 19231231    12.6
19240101 19241231    11.6
19250101 19251231    12.4
19260101 19261231    12.7
19270101 19271231    12.6
19280101 19281231    13.0
19290101 19291231    12.2
19300101 19301231    13.0
19310101 19311231    12.4
19320101 19321231    12.2
19330101 19331231    12.5
19340101 19341231    13.3
19350101 19351231    12.5
19360101 19361231    12.6
19370101 19371231    12.9
19380101 19381231    12.8
19390101 19391231    12.7
19400101 19401231    12.8
19410101 19411231    12.4
19420101 19421231    12.9
19430101 19431231    11.8
19440101 19441231    12.3
19450101 19451231    12.1
19460101 19461231    11.7
19470101 19471231    12.3
19480101 19481231    12.0
19490101 19491231    11.6
19500101 19501231    12.4
19510101 19511231    12.9
19520101 19521231    12.3
19530101 19531231    12.7
19540101 19541231    12.6
19550101 19551231    12.8
19560101 19561231    13.1
19570101 19571231    12.8
19580101 19581231    13.0
19590101 19591231    13.6
19600101 19601231    13.1
19610101 19611231    13.9
19620101 19621231    12.9
19630101 19631231    12.9
19640101 19641231    12.2
19650101 19651231    12.7
19660101 19661231    12.4
19670101 19671231    13.1
19680101 19681231    12.9
19690101 19691231 99999.9
19700101 19701231    12.0
19710101 19711231    12.8
19720101 19721231    12.7
19730101 19731231    12.9
19740101 19741231    12.9
19750101 19751231    13.0
19760101 19761231    12.7
19770101 19771231    12.6
19780101 19781231    12.9
19790101 19791231    13.1
19800101 19801231    13.3
19810101 19811231    13.6
19820101 19821231    13.3
19830101 19831231    13.1
19840101 19841231    12.5
19850101 19851231    13.0
19860101 19861231    12.4
19870101 19871231    12.8
19880101 19881231    14.1
19890101 19891231    13.1
19900101 19901231    13.4
19910101 19911231    13.0
19920101 19921231    12.7
19930101 19931231    12.9
19940101 19941231    12.5
19950101 19951231    12.3
19960101 19961231    12.3
19970101 19971231    13.1
19980101 19981231    12.8
19990101 19991231    13.4
20000101 20001231    13.5
20010101 20011231    13.3
20020101 20021231    13.0
20030101 20031231    13.3
20040101 20041231    12.9
20050101 20051231    13.4
20060101 20061231    13.1
20070101 20071231    14.2
20080101 20081231    13.2
20090101 20091231    14.0
20100101 20101231    13.4
20110101 20111231    14.0
20120101 20121231    13.8
