MEAN TEMP  053115 19100101 20121231 missing_value=99999.9    MOREE AERO         
19100101 19101231    18.9
19110101 19111231    18.9
19120101 19121231    19.3
19130101 19131231    19.0
19140101 19141231    19.7
19150101 19151231    20.2
19160101 19161231    19.0
19170101 19171231    18.2
19180101 19181231    19.1
19190101 19191231    20.4
19200101 19201231    18.9
19210101 19211231    19.5
19220101 19221231    19.5
19230101 19231231    19.6
19240101 19241231    18.3
19250101 19251231    18.6
19260101 19261231    20.2
19270101 19271231    19.3
19280101 19281231    19.5
19290101 19291231    18.8
19300101 19301231    19.4
19310101 19311231    18.1
19320101 19321231    19.8
19330101 19331231    19.0
19340101 19341231    18.1
19350101 19351231    18.5
19360101 19361231    19.2
19370101 19371231    19.0
19380101 19381231    20.1
19390101 19391231    18.9
19400101 19401231    20.0
19410101 19411231    18.1
19420101 19421231    18.9
19430101 19431231    18.3
19440101 19441231    19.4
19450101 19451231    19.3
19460101 19461231    19.6
19470101 19471231    18.9
19480101 19481231    18.9
19490101 19491231    18.8
19500101 19501231    19.0
19510101 19511231    19.2
19520101 19521231    19.3
19530101 19531231    19.0
19540101 19541231    18.9
19550101 19551231    17.9
19560101 19561231    18.0
19570101 19571231    20.0
19580101 19581231    19.7
19590101 19591231    18.6
19600101 19601231    18.3
19610101 19611231    18.8
19620101 19621231    18.1
19630101 19631231    18.8
19640101 19641231    18.0
19650101 19651231    19.4
19660101 19661231    18.2
19670101 19671231    19.3
19680101 19681231    18.6
19690101 19691231    19.0
19700101 19701231    18.1
19710101 19711231    17.8
19720101 19721231    18.5
19730101 19731231    19.9
19740101 19741231    18.3
19750101 19751231    18.7
19760101 19761231    18.0
19770101 19771231    19.0
19780101 19781231    18.1
19790101 19791231    19.5
19800101 19801231    20.0
19810101 19811231    19.4
19820101 19821231    19.2
19830101 19831231    18.6
19840101 19841231    17.9
19850101 19851231    18.5
19860101 19861231    18.6
19870101 19871231    19.2
19880101 19881231    19.0
19890101 19891231    18.5
19900101 19901231    19.1
19910101 19911231    19.3
19920101 19921231    18.4
19930101 19931231    19.5
19940101 19941231    19.0
19950101 19951231    18.8
19960101 19961231    18.3
19970101 19971231    19.0
19980101 19981231    19.5
19990101 19991231    18.9
20000101 20001231    19.3
20010101 20011231    19.0
20020101 20021231    20.0
20030101 20031231    19.4
20040101 20041231    19.3
20050101 20051231    20.1
20060101 20061231    19.8
20070101 20071231    20.0
20080101 20081231    18.8
20090101 20091231    20.3
20100101 20101231    19.1
20110101 20111231    19.3
20120101 20121231    19.1
