MEAN TEMP  055023 19100101 20121231 missing_value=99999.9    GUNNEDAH POOL      
19100101 19101231    18.9
19110101 19111231    18.6
19120101 19121231    19.4
19130101 19131231    18.5
19140101 19141231    20.3
19150101 19151231    19.5
19160101 19161231    18.4
19170101 19171231    17.9
19180101 19181231    17.4
19190101 19191231    20.3
19200101 19201231    18.0
19210101 19211231    18.8
19220101 19221231    19.0
19230101 19231231    19.5
19240101 19241231    18.8
19250101 19251231    18.3
19260101 19261231    18.7
19270101 19271231    18.6
19280101 19281231    18.3
19290101 19291231    18.0
19300101 19301231    19.1
19310101 19311231    18.5
19320101 19321231    19.0
19330101 19331231    18.5
19340101 19341231    17.1
19350101 19351231    18.4
19360101 19361231    17.9
19370101 19371231    17.7
19380101 19381231    19.3
19390101 19391231    19.0
19400101 19401231    19.5
19410101 19411231    18.2
19420101 19421231    18.9
19430101 19431231    17.7
19440101 19441231    18.3
19450101 19451231    18.3
19460101 19461231    18.0
19470101 19471231    17.6
19480101 19481231    17.9
19490101 19491231    17.7
19500101 19501231    17.4
19510101 19511231    18.1
19520101 19521231    18.3
19530101 19531231    18.0
19540101 19541231    18.6
19550101 19551231    17.9
19560101 19561231    17.0
19570101 19571231    18.5
19580101 19581231    18.8
19590101 19591231    18.2
19600101 19601231    17.9
19610101 19611231    18.3
19620101 19621231    17.7
19630101 19631231    18.0
19640101 19641231    16.5
19650101 19651231    18.8
19660101 19661231    18.0
19670101 19671231    18.4
19680101 19681231    18.1
19690101 19691231    17.9
19700101 19701231    17.5
19710101 19711231    17.5
19720101 19721231    18.0
19730101 19731231    18.5
19740101 19741231    17.9
19750101 19751231    18.4
19760101 19761231    17.6
19770101 19771231    18.5
19780101 19781231    17.8
19790101 19791231    19.1
19800101 19801231    19.4
19810101 19811231    18.6
19820101 19821231    18.5
19830101 19831231    18.2
19840101 19841231    17.4
19850101 19851231    17.5
19860101 19861231    18.1
19870101 19871231    18.2
19880101 19881231    18.4
19890101 19891231    17.8
19900101 19901231    18.3
19910101 19911231    18.5
19920101 19921231    17.7
19930101 19931231    18.5
19940101 19941231    18.1
19950101 19951231    18.3
19960101 19961231    17.9
19970101 19971231    18.8
19980101 19981231    19.0
19990101 19991231    18.6
20000101 20001231    18.5
20010101 20011231    18.6
20020101 20021231    19.5
20030101 20031231    18.7
20040101 20041231    18.8
20050101 20051231    19.3
20060101 20061231    19.4
20070101 20071231    19.3
20080101 20081231    18.3
20090101 20091231    19.6
20100101 20101231    18.6
20110101 20111231 99999.9
20120101 20121231 99999.9
