MEAN TEMP  003003 19100101 20121231 missing_value=99999.9    BROOME AIRPORT     
19100101 19101231    27.3
19110101 19111231    26.6
19120101 19121231    26.4
19130101 19131231    25.7
19140101 19141231    26.4
19150101 19151231    26.3
19160101 19161231    26.7
19170101 19171231    26.0
19180101 19181231    26.5
19190101 19191231    26.5
19200101 19201231    26.3
19210101 19211231    26.9
19220101 19221231    26.3
19230101 19231231    25.9
19240101 19241231    26.6
19250101 19251231    25.6
19260101 19261231    25.3
19270101 19271231    25.4
19280101 19281231    26.3
19290101 19291231    25.2
19300101 19301231    26.4
19310101 19311231    26.3
19320101 19321231    25.6
19330101 19331231    26.5
19340101 19341231    25.6
19350101 19351231    25.3
19360101 19361231    26.5
19370101 19371231    26.3
19380101 19381231    26.9
19390101 19391231    25.9
19400101 19401231    26.0
19410101 19411231    26.4
19420101 19421231    26.3
19430101 19431231    25.7
19440101 19441231    26.1
19450101 19451231    26.1
19460101 19461231    25.9
19470101 19471231    26.0
19480101 19481231    25.7
19490101 19491231    25.4
19500101 19501231    25.6
19510101 19511231    26.0
19520101 19521231    26.2
19530101 19531231    26.3
19540101 19541231    26.3
19550101 19551231    26.2
19560101 19561231    25.6
19570101 19571231    26.0
19580101 19581231    27.3
19590101 19591231    27.1
19600101 19601231    26.3
19610101 19611231    26.4
19620101 19621231    26.0
19630101 19631231    26.0
19640101 19641231    26.3
19650101 19651231    26.4
19660101 19661231    26.1
19670101 19671231    25.8
19680101 19681231    26.1
19690101 19691231    25.8
19700101 19701231    26.9
19710101 19711231    26.1
19720101 19721231    26.7
19730101 19731231    27.1
19740101 19741231    25.9
19750101 19751231    26.8
19760101 19761231    25.1
19770101 19771231    26.3
19780101 19781231    26.1
19790101 19791231    26.7
19800101 19801231    26.8
19810101 19811231    26.5
19820101 19821231    26.1
19830101 19831231    26.1
19840101 19841231    26.3
19850101 19851231    26.4
19860101 19861231    26.5
19870101 19871231    26.4
19880101 19881231    27.4
19890101 19891231    26.8
19900101 19901231    27.2
19910101 19911231    26.3
19920101 19921231    27.1
19930101 19931231    26.5
19940101 19941231    26.2
19950101 19951231    26.7
19960101 19961231    26.8
19970101 19971231    26.1
19980101 19981231    27.4
19990101 19991231    26.3
20000101 20001231    25.9
20010101 20011231    26.1
20020101 20021231    26.9
20030101 20031231    26.9
20040101 20041231    26.5
20050101 20051231    27.4
20060101 20061231    26.4
20070101 20071231    26.8
20080101 20081231    26.9
20090101 20091231    27.3
20100101 20101231    28.0
20110101 20111231    26.4
20120101 20121231    26.7
