MEAN TEMP  015135 19110101 20121231 missing_value=99999.9    TENNANT CREEK AIRPO
19110101 19111231    25.5
19120101 19121231    26.1
19130101 19131231    24.8
19140101 19141231    26.1
19150101 19151231    26.4
19160101 19161231    25.6
19170101 19171231    25.0
19180101 19181231    25.1
19190101 19191231    25.3
19200101 19201231    25.4
19210101 19211231    24.9
19220101 19221231    25.3
19230101 19231231    25.3
19240101 19241231    25.6
19250101 19251231    25.4
19260101 19261231    25.8
19270101 19271231    25.5
19280101 19281231    27.0
19290101 19291231    25.0
19300101 19301231    24.9
19310101 19311231    26.0
19320101 19321231    25.6
19330101 19331231    25.2
19340101 19341231    26.0
19350101 19351231    26.2
19360101 19361231    26.0
19370101 19371231    25.8
19380101 19381231    26.4
19390101 19391231    24.5
19400101 19401231    25.5
19410101 19411231    24.9
19420101 19421231    26.8
19430101 19431231    26.2
19440101 19441231    25.4
19450101 19451231    25.8
19460101 19461231    24.8
19470101 19471231    25.9
19480101 19481231    25.8
19490101 19491231    24.8
19500101 19501231    24.9
19510101 19511231    25.7
19520101 19521231    26.0
19530101 19531231    25.3
19540101 19541231    26.0
19550101 19551231    26.4
19560101 19561231    25.2
19570101 19571231    25.6
19580101 19581231    26.8
19590101 19591231    26.6
19600101 19601231    25.6
19610101 19611231    26.1
19620101 19621231    25.6
19630101 19631231    25.8
19640101 19641231    26.1
19650101 19651231    26.0
19660101 19661231    25.0
19670101 19671231    24.9
19680101 19681231    25.0
19690101 19691231    25.6
19700101 19701231    25.8
19710101 19711231    25.8
19720101 19721231    25.9
19730101 19731231    26.1
19740101 19741231    24.0
19750101 19751231    25.0
19760101 19761231    24.3
19770101 19771231    24.4
19780101 19781231    24.8
19790101 19791231    26.1
19800101 19801231    26.9
19810101 19811231    26.0
19820101 19821231    25.1
19830101 19831231    25.9
19840101 19841231    25.0
19850101 19851231    26.2
19860101 19861231    26.8
19870101 19871231    26.0
19880101 19881231    27.0
19890101 19891231    25.9
19900101 19901231    26.9
19910101 19911231    26.3
19920101 19921231    26.9
19930101 19931231    25.6
19940101 19941231    25.8
19950101 19951231    26.3
19960101 19961231    26.8
19970101 19971231    25.5
19980101 19981231    26.9
19990101 19991231    26.0
20000101 20001231    24.8
20010101 20011231    24.8
20020101 20021231    26.3
20030101 20031231    25.8
20040101 20041231    26.0
20050101 20051231    27.1
20060101 20061231    25.3
20070101 20071231    26.0
20080101 20081231    26.6
20090101 20091231    26.2
20100101 20101231    25.0
20110101 20111231    24.3
20120101 20121231    25.4
