MEAN TEMP  032025 19100101 20121231 missing_value=99999.9    INNISFAIL          
19100101 19101231    23.2
19110101 19111231    23.3
19120101 19121231    23.5
19130101 19131231    22.5
19140101 19141231    23.2
19150101 19151231    24.4
19160101 19161231    24.3
19170101 19171231    23.7
19180101 19181231    23.3
19190101 19191231    23.1
19200101 19201231    23.9
19210101 19211231    23.7
19220101 19221231    23.5
19230101 19231231    23.1
19240101 19241231    23.8
19250101 19251231    23.2
19260101 19261231    24.5
19270101 19271231    23.6
19280101 19281231    23.8
19290101 19291231    23.4
19300101 19301231    22.8
19310101 19311231    23.8
19320101 19321231    23.2
19330101 19331231    23.8
19340101 19341231    23.1
19350101 19351231    23.0
19360101 19361231    23.0
19370101 19371231    23.1
19380101 19381231    24.0
19390101 19391231    23.5
19400101 19401231    23.3
19410101 19411231    22.9
19420101 19421231    24.8
19430101 19431231    23.7
19440101 19441231    23.3
19450101 19451231    23.4
19460101 19461231    23.3
19470101 19471231    23.6
19480101 19481231    23.5
19490101 19491231    22.8
19500101 19501231    23.4
19510101 19511231    23.3
19520101 19521231    24.1
19530101 19531231    23.4
19540101 19541231    23.1
19550101 19551231    23.2
19560101 19561231    23.8
19570101 19571231    23.4
19580101 19581231    24.3
19590101 19591231    23.4
19600101 19601231    23.0
19610101 19611231    23.4
19620101 19621231    23.9
19630101 19631231    23.3
19640101 19641231    24.0
19650101 19651231    23.0
19660101 19661231    23.3
19670101 19671231    23.5
19680101 19681231    23.6
19690101 19691231    23.8
19700101 19701231    23.9
19710101 19711231    24.0
19720101 19721231    23.0
19730101 19731231    24.6
19740101 19741231    23.6
19750101 19751231    23.9
19760101 19761231    23.5
19770101 19771231    23.3
19780101 19781231    23.5
19790101 19791231    23.6
19800101 19801231    23.8
19810101 19811231    24.3
19820101 19821231    23.3
19830101 19831231    24.8
19840101 19841231    24.1
19850101 19851231    24.3
19860101 19861231    24.6
19870101 19871231    24.5
19880101 19881231    24.6
19890101 19891231    24.0
19900101 19901231    24.1
19910101 19911231    24.0
19920101 19921231    24.5
19930101 19931231    24.1
19940101 19941231    23.9
19950101 19951231    24.5
19960101 19961231    24.5
19970101 19971231    23.9
19980101 19981231    25.4
19990101 19991231    23.8
20000101 20001231    24.0
20010101 20011231    24.5
20020101 20021231    24.3
20030101 20031231    24.5
20040101 20041231    24.4
20050101 20051231    24.6
20060101 20061231    24.2
20070101 20071231    24.1
20080101 20081231    24.3
20090101 20091231    24.4
20100101 20101231    25.1
20110101 20111231    23.9
20120101 20121231    24.0
