MEAN TEMP  063005 19100101 20121231 missing_value=99999.9    BATHURST AGRICULTUR
19100101 19101231    13.1
19110101 19111231    12.4
19120101 19121231    13.1
19130101 19131231    12.9
19140101 19141231    14.3
19150101 19151231    13.9
19160101 19161231    12.6
19170101 19171231    11.3
19180101 19181231    13.1
19190101 19191231    14.2
19200101 19201231    13.0
19210101 19211231    13.5
19220101 19221231    13.3
19230101 19231231    13.6
19240101 19241231    12.5
19250101 19251231    12.5
19260101 19261231    12.4
19270101 19271231    12.0
19280101 19281231    13.0
19290101 19291231    12.6
19300101 19301231    13.3
19310101 19311231    12.6
19320101 19321231    12.9
19330101 19331231    13.0
19340101 19341231    13.0
19350101 19351231    12.1
19360101 19361231    12.6
19370101 19371231    12.9
19380101 19381231    14.0
19390101 19391231    13.7
19400101 19401231    13.5
19410101 19411231    12.4
19420101 19421231    13.4
19430101 19431231    12.2
19440101 19441231    12.4
19450101 19451231    13.0
19460101 19461231    13.1
19470101 19471231    13.6
19480101 19481231    12.5
19490101 19491231    12.5
19500101 19501231    13.5
19510101 19511231    13.0
19520101 19521231    13.3
19530101 19531231    13.0
19540101 19541231    13.0
19550101 19551231    12.9
19560101 19561231    12.1
19570101 19571231    12.8
19580101 19581231    12.9
19590101 19591231    13.3
19600101 19601231    12.6
19610101 19611231    13.4
19620101 19621231    12.7
19630101 19631231    12.9
19640101 19641231    12.4
19650101 19651231    12.9
19660101 19661231    12.6
19670101 19671231    13.3
19680101 19681231    13.1
19690101 19691231    13.1
19700101 19701231    12.5
19710101 19711231    12.6
19720101 19721231    12.6
19730101 19731231    13.2
19740101 19741231    12.7
19750101 19751231    13.0
19760101 19761231    12.4
19770101 19771231    13.4
19780101 19781231    12.7
19790101 19791231    13.5
19800101 19801231    14.0
19810101 19811231    13.9
19820101 19821231    13.8
19830101 19831231    13.7
19840101 19841231    12.3
19850101 19851231    12.9
19860101 19861231    12.6
19870101 19871231    13.0
19880101 19881231    13.4
19890101 19891231    13.0
19900101 19901231    13.6
19910101 19911231    13.8
19920101 19921231    12.3
19930101 19931231    13.1
19940101 19941231    13.0
19950101 19951231    13.1
19960101 19961231    12.9
19970101 19971231    13.8
19980101 19981231    13.8
19990101 19991231    13.4
20000101 20001231    13.3
20010101 20011231    13.6
20020101 20021231    13.8
20030101 20031231    13.5
20040101 20041231    13.9
20050101 20051231    13.8
20060101 20061231    14.0
20070101 20071231    14.3
20080101 20081231    13.2
20090101 20091231    14.5
20100101 20101231    13.6
20110101 20111231    13.4
20120101 20121231    13.1
