MEAN TEMP  066062 19100101 20101231 missing_value=99999.9    SYDNEY (OBSERVATORY
19100101 19101231    18.0
19110101 19111231    17.9
19120101 19121231    18.0
19130101 19131231    18.3
19140101 19141231    18.9
19150101 19151231    18.3
19160101 19161231    18.0
19170101 19171231    17.8
19180101 19181231    17.9
19190101 19191231    18.5
19200101 19201231    17.5
19210101 19211231    18.2
19220101 19221231    18.3
19230101 19231231    18.2
19240101 19241231    17.6
19250101 19251231    17.5
19260101 19261231    18.3
19270101 19271231    17.3
19280101 19281231    18.4
19290101 19291231    17.5
19300101 19301231    18.0
19310101 19311231    17.9
19320101 19321231    17.8
19330101 19331231    17.5
19340101 19341231    17.7
19350101 19351231    17.8
19360101 19361231    17.9
19370101 19371231    18.1
19380101 19381231    18.4
19390101 19391231    18.2
19400101 19401231    18.4
19410101 19411231    17.8
19420101 19421231    18.1
19430101 19431231    17.2
19440101 19441231    17.8
19450101 19451231    17.8
19460101 19461231    18.0
19470101 19471231    18.0
19480101 19481231    17.3
19490101 19491231    17.6
19500101 19501231    18.0
19510101 19511231    17.9
19520101 19521231    17.6
19530101 19531231    17.6
19540101 19541231    17.8
19550101 19551231    17.8
19560101 19561231    17.6
19570101 19571231    17.9
19580101 19581231    18.3
19590101 19591231    18.0
19600101 19601231    17.6
19610101 19611231    17.8
19620101 19621231    17.8
19630101 19631231    17.9
19640101 19641231    18.1
19650101 19651231    18.0
19660101 19661231    17.5
19670101 19671231    17.9
19680101 19681231    18.3
19690101 19691231    18.1
19700101 19701231    17.8
19710101 19711231    17.9
19720101 19721231    18.0
19730101 19731231    18.8
19740101 19741231    17.9
19750101 19751231    18.4
19760101 19761231    18.1
19770101 19771231    18.5
19780101 19781231    18.0
19790101 19791231    18.5
19800101 19801231    18.9
19810101 19811231    18.4
19820101 19821231    18.2
19830101 19831231    18.4
19840101 19841231    17.9
19850101 19851231    18.1
19860101 19861231    18.2
19870101 19871231    18.3
19880101 19881231    19.0
19890101 19891231    18.4
19900101 19901231    18.4
19910101 19911231    18.8
19920101 19921231    17.7
19930101 19931231    18.4
19940101 19941231    18.3
19950101 19951231    17.9
19960101 19961231    18.0
19970101 19971231    18.4
19980101 19981231    18.9
19990101 19991231    18.4
20000101 20001231    18.6
20010101 20011231    18.9
20020101 20021231    18.8
20030101 20031231    18.6
20040101 20041231    19.0
20050101 20051231    19.1
20060101 20061231    18.9
20070101 20071231    19.0
20080101 20081231    18.2
20090101 20091231    19.0
20100101 20101231    18.8
