MEAN TEMP  031017 19100101 20121231 missing_value=99999.9    COOKTOWN MISSION ST
19100101 19101231    24.8
19110101 19111231    24.3
19120101 19121231    25.0
19130101 19131231    24.1
19140101 19141231    23.9
19150101 19151231    25.6
19160101 19161231    25.4
19170101 19171231    25.0
19180101 19181231    24.4
19190101 19191231    24.5
19200101 19201231    24.8
19210101 19211231    24.6
19220101 19221231    24.7
19230101 19231231    24.5
19240101 19241231    25.1
19250101 19251231    24.7
19260101 19261231    25.5
19270101 19271231    25.2
19280101 19281231    25.3
19290101 19291231    24.9
19300101 19301231    25.0
19310101 19311231    25.5
19320101 19321231    24.9
19330101 19331231    24.9
19340101 19341231    24.7
19350101 19351231    24.9
19360101 19361231    25.3
19370101 19371231    24.3
19380101 19381231    25.5
19390101 19391231    24.4
19400101 19401231    25.0
19410101 19411231    24.5
19420101 19421231    25.9
19430101 19431231    25.5
19440101 19441231    25.0
19450101 19451231    24.9
19460101 19461231    24.9
19470101 19471231    25.5
19480101 19481231    25.5
19490101 19491231    25.1
19500101 19501231    25.0
19510101 19511231    25.2
19520101 19521231    25.8
19530101 19531231    24.7
19540101 19541231    24.8
19550101 19551231    25.5
19560101 19561231    24.7
19570101 19571231    25.1
19580101 19581231    25.7
19590101 19591231    24.8
19600101 19601231    25.1
19610101 19611231    24.9
19620101 19621231    25.1
19630101 19631231    24.5
19640101 19641231    25.4
19650101 19651231    24.5
19660101 19661231    24.8
19670101 19671231    24.6
19680101 19681231    24.9
19690101 19691231    25.5
19700101 19701231    25.6
19710101 19711231    25.6
19720101 19721231    24.7
19730101 19731231    25.6
19740101 19741231    25.2
19750101 19751231    25.5
19760101 19761231    25.1
19770101 19771231    25.0
19780101 19781231    25.5
19790101 19791231    25.2
19800101 19801231    25.6
19810101 19811231    25.7
19820101 19821231    24.8
19830101 19831231    25.9
19840101 19841231    25.5
19850101 19851231    25.3
19860101 19861231    25.5
19870101 19871231    25.4
19880101 19881231    26.0
19890101 19891231    25.5
19900101 19901231    25.7
19910101 19911231    25.3
19920101 19921231    25.8
19930101 19931231    25.4
19940101 19941231    25.5
19950101 19951231    26.0
19960101 19961231    25.5
19970101 19971231    25.0
19980101 19981231    26.5
19990101 19991231 99999.9
20000101 20001231    25.1
20010101 20011231    25.5
20020101 20021231 99999.9
20030101 20031231 99999.9
20040101 20041231 99999.9
20050101 20051231 99999.9
20060101 20061231 99999.9
20070101 20071231 99999.9
20080101 20081231 99999.9
20090101 20091231 99999.9
20100101 20101231 99999.9
20110101 20111231 99999.9
20120101 20121231 99999.9
