MEAN TEMP  007176 19160101 20121231 missing_value=99999.9    NEWMAN AERO        
19160101 19161231    23.6
19170101 19171231    22.5
19180101 19181231    23.6
19190101 19191231    24.0
19200101 19201231    23.0
19210101 19211231    23.6
19220101 19221231    23.7
19230101 19231231    24.0
19240101 19241231    24.0
19250101 19251231    22.6
19260101 19261231    23.6
19270101 19271231    23.5
19280101 19281231    24.0
19290101 19291231    23.4
19300101 19301231    23.8
19310101 19311231    21.8
19320101 19321231    23.3
19330101 19331231    22.8
19340101 19341231    22.9
19350101 19351231    23.4
19360101 19361231    24.3
19370101 19371231    23.5
19380101 19381231    24.2
19390101 19391231    23.3
19400101 19401231    24.3
19410101 19411231    24.0
19420101 19421231    22.1
19430101 19431231    23.0
19440101 19441231    23.9
19450101 19451231    23.5
19460101 19461231    23.0
19470101 19471231    22.9
19480101 19481231    22.8
19490101 19491231    22.8
19500101 19501231    23.5
19510101 19511231    23.8
19520101 19521231    22.5
19530101 19531231    22.9
19540101 19541231    23.0
19550101 19551231    22.3
19560101 19561231    22.8
19570101 19571231    23.6
19580101 19581231 99999.9
19590101 19591231    24.1
19600101 19601231    22.5
19610101 19611231    23.6
19620101 19621231 99999.9
19630101 19631231    23.0
19640101 19641231    23.0
19650101 19651231    23.5
19660101 19661231    22.5
19670101 19671231    23.0
19680101 19681231    22.4
19690101 19691231    23.7
19700101 19701231    24.0
19710101 19711231    23.6
19720101 19721231    24.6
19730101 19731231    24.2
19740101 19741231    23.5
19750101 19751231 99999.9
19760101 19761231 99999.9
19770101 19771231    24.8
19780101 19781231 99999.9
19790101 19791231    23.4
19800101 19801231    24.1
19810101 19811231    24.0
19820101 19821231    23.6
19830101 19831231    24.4
19840101 19841231    24.0
19850101 19851231 99999.9
19860101 19861231    24.3
19870101 19871231    24.3
19880101 19881231    24.6
19890101 19891231 99999.9
19900101 19901231 99999.9
19910101 19911231    25.4
19920101 19921231    24.0
19930101 19931231    23.9
19940101 19941231    24.8
19950101 19951231    23.4
19960101 19961231    25.1
19970101 19971231    23.1
19980101 19981231    24.5
19990101 19991231    22.9
20000101 20001231    22.3
20010101 20011231    22.9
20020101 20021231    24.0
20030101 20031231    23.9
20040101 20041231    23.6
20050101 20051231    25.2
20060101 20061231    23.8
20070101 20071231    24.8
20080101 20081231    24.7
20090101 20091231    24.8
20100101 20101231    25.2
20110101 20111231    24.0
20120101 20121231 99999.9
