MEAN TEMP  008051 19100101 20121231 missing_value=99999.9    GERALDTON AIRPORT  
19100101 19101231    19.5
19110101 19111231    18.9
19120101 19121231    19.3
19130101 19131231    19.4
19140101 19141231    19.5
19150101 19151231    20.5
19160101 19161231    19.3
19170101 19171231    19.2
19180101 19181231    20.0
19190101 19191231    18.9
19200101 19201231    19.4
19210101 19211231    20.0
19220101 19221231    18.8
19230101 19231231    19.3
19240101 19241231    19.4
19250101 19251231    19.2
19260101 19261231    19.3
19270101 19271231    19.6
19280101 19281231    19.0
19290101 19291231    19.0
19300101 19301231    19.5
19310101 19311231    19.5
19320101 19321231    19.7
19330101 19331231    20.0
19340101 19341231    19.7
19350101 19351231    19.0
19360101 19361231    19.6
19370101 19371231    19.4
19380101 19381231    19.5
19390101 19391231    19.6
19400101 19401231    19.8
19410101 19411231    20.0
19420101 19421231    19.1
19430101 19431231    19.1
19440101 19441231    19.1
19450101 19451231    20.0
19460101 19461231    19.0
19470101 19471231    19.3
19480101 19481231    19.9
19490101 19491231    20.1
19500101 19501231    19.6
19510101 19511231    18.8
19520101 19521231    19.5
19530101 19531231    19.0
19540101 19541231    19.1
19550101 19551231    19.6
19560101 19561231    19.2
19570101 19571231    19.5
19580101 19581231    19.8
19590101 19591231    20.0
19600101 19601231    18.8
19610101 19611231    19.9
19620101 19621231    20.0
19630101 19631231    20.5
19640101 19641231    19.4
19650101 19651231    19.9
19660101 19661231    19.2
19670101 19671231    20.0
19680101 19681231    18.4
19690101 19691231    19.6
19700101 19701231    19.5
19710101 19711231    19.0
19720101 19721231    20.5
19730101 19731231    19.3
19740101 19741231    19.8
19750101 19751231    19.6
19760101 19761231    20.5
19770101 19771231    20.2
19780101 19781231    20.5
19790101 19791231    19.4
19800101 19801231    19.5
19810101 19811231    20.0
19820101 19821231    19.9
19830101 19831231    20.4
19840101 19841231    19.5
19850101 19851231    19.8
19860101 19861231    19.0
19870101 19871231    19.8
19880101 19881231    20.5
19890101 19891231    19.8
19900101 19901231    19.3
19910101 19911231    19.9
19920101 19921231    19.5
19930101 19931231    18.9
19940101 19941231    20.2
19950101 19951231    20.0
19960101 19961231    20.5
19970101 19971231    19.8
19980101 19981231    20.1
19990101 19991231    20.3
20000101 20001231    20.5
20010101 20011231    19.5
20020101 20021231    20.0
20030101 20031231    19.7
20040101 20041231    19.6
20050101 20051231    19.2
20060101 20061231    20.5
20070101 20071231    20.1
20080101 20081231    20.2
20090101 20091231    20.1
20100101 20101231    20.0
20110101 20111231    21.0
20120101 20121231 99999.9
