MEAN TEMP  009741 19100101 20121231 missing_value=99999.9    ALBANY AIRPORT     
19100101 19101231    14.6
19110101 19111231    14.6
19120101 19121231    14.6
19130101 19131231    14.6
19140101 19141231    14.9
19150101 19151231    15.3
19160101 19161231    14.8
19170101 19171231    14.1
19180101 19181231    15.3
19190101 19191231    14.5
19200101 19201231    15.1
19210101 19211231    15.6
19220101 19221231    14.4
19230101 19231231    14.7
19240101 19241231    14.5
19250101 19251231    14.4
19260101 19261231    14.5
19270101 19271231    14.6
19280101 19281231    14.6
19290101 19291231    14.3
19300101 19301231    15.3
19310101 19311231    14.6
19320101 19321231    14.9
19330101 19331231    15.1
19340101 19341231    15.3
19350101 19351231    14.5
19360101 19361231    15.1
19370101 19371231    15.0
19380101 19381231    14.9
19390101 19391231    15.0
19400101 19401231    15.1
19410101 19411231    14.9
19420101 19421231    14.8
19430101 19431231    14.3
19440101 19441231    15.0
19450101 19451231    15.2
19460101 19461231    14.6
19470101 19471231    14.8
19480101 19481231    15.1
19490101 19491231    15.4
19500101 19501231    15.3
19510101 19511231    14.8
19520101 19521231    14.4
19530101 19531231    14.7
19540101 19541231    14.8
19550101 19551231    14.5
19560101 19561231    14.5
19570101 19571231    15.3
19580101 19581231    15.2
19590101 19591231    15.4
19600101 19601231    14.1
19610101 19611231    15.6
19620101 19621231    15.4
19630101 19631231    15.5
19640101 19641231    14.6
19650101 19651231    15.3
19660101 19661231    14.8
19670101 19671231    15.3
19680101 19681231    14.2
19690101 19691231    15.2
19700101 19701231    15.0
19710101 19711231    14.5
19720101 19721231    15.6
19730101 19731231    14.8
19740101 19741231    15.1
19750101 19751231    15.1
19760101 19761231    15.4
19770101 19771231    15.3
19780101 19781231    15.7
19790101 19791231    15.0
19800101 19801231    14.9
19810101 19811231    14.8
19820101 19821231    15.0
19830101 19831231    15.8
19840101 19841231    15.3
19850101 19851231    15.3
19860101 19861231    14.6
19870101 19871231    15.0
19880101 19881231    15.4
19890101 19891231    15.3
19900101 19901231    14.8
19910101 19911231    15.5
19920101 19921231    14.9
19930101 19931231    14.4
19940101 19941231    15.7
19950101 19951231    15.3
19960101 19961231    15.3
19970101 19971231    15.5
19980101 19981231    15.3
19990101 19991231    15.7
20000101 20001231    15.6
20010101 20011231    15.2
20020101 20021231    15.4
20030101 20031231    15.6
20040101 20041231    15.4
20050101 20051231    15.2
20060101 20061231    15.4
20070101 20071231    15.5
20080101 20081231    15.3
20090101 20091231    15.5
20100101 20101231    15.4
20110101 20111231    16.0
20120101 20121231 99999.9
