MEAN TEMP  090171 19100101 20121231 missing_value=99999.9    CASHMORE AIRPORT   
19100101 19101231    13.5
19110101 19111231    13.1
19120101 19121231    13.2
19130101 19131231    12.8
19140101 19141231    13.4
19150101 19151231    12.9
19160101 19161231    13.1
19170101 19171231    12.6
19180101 19181231    13.2
19190101 19191231    13.3
19200101 19201231    12.9
19210101 19211231    13.7
19220101 19221231    13.0
19230101 19231231    12.8
19240101 19241231    12.4
19250101 19251231    12.7
19260101 19261231    13.3
19270101 19271231    12.6
19280101 19281231    13.1
19290101 19291231    12.4
19300101 19301231    13.4
19310101 19311231    12.4
19320101 19321231    12.9
19330101 19331231    12.7
19340101 19341231    13.5
19350101 19351231    12.8
19360101 19361231    12.8
19370101 19371231    12.9
19380101 19381231    13.4
19390101 19391231    13.2
19400101 19401231    13.1
19410101 19411231    12.7
19420101 19421231    13.2
19430101 19431231    12.3
19440101 19441231    12.6
19450101 19451231    12.7
19460101 19461231    12.4
19470101 19471231    13.3
19480101 19481231    12.7
19490101 19491231    12.5
19500101 19501231    13.1
19510101 19511231    13.4
19520101 19521231    12.7
19530101 19531231    13.0
19540101 19541231    12.9
19550101 19551231    13.0
19560101 19561231    13.0
19570101 19571231    12.6
19580101 19581231    12.9
19590101 19591231    13.5
19600101 19601231    12.9
19610101 19611231    14.1
19620101 19621231    13.5
19630101 19631231    13.4
19640101 19641231    12.8
19650101 19651231    13.3
19660101 19661231    13.3
19670101 19671231    13.7
19680101 19681231    13.4
19690101 19691231    13.4
19700101 19701231    13.3
19710101 19711231    13.6
19720101 19721231    13.8
19730101 19731231    13.8
19740101 19741231    13.8
19750101 19751231    13.8
19760101 19761231    13.4
19770101 19771231    13.4
19780101 19781231    13.3
19790101 19791231    13.6
19800101 19801231    14.0
19810101 19811231    14.0
19820101 19821231    13.9
19830101 19831231    13.3
19840101 19841231    13.1
19850101 19851231    13.4
19860101 19861231    13.1
19870101 19871231    13.2
19880101 19881231    14.0
19890101 19891231    13.6
19900101 19901231    13.9
19910101 19911231    13.3
19920101 19921231    13.1
19930101 19931231    13.6
19940101 19941231    13.1
19950101 19951231    12.8
19960101 19961231    12.7
19970101 19971231    13.3
19980101 19981231    13.0
19990101 19991231    13.8
20000101 20001231    13.9
20010101 20011231    13.7
20020101 20021231    13.3
20030101 20031231    13.2
20040101 20041231    13.2
20050101 20051231    13.8
20060101 20061231    13.0
20070101 20071231    14.0
20080101 20081231    13.2
20090101 20091231    13.6
20100101 20101231    13.4
20110101 20111231    13.8
20120101 20121231    13.9
