MEAN TEMP  085279 19100101 20121231 missing_value=99999.9    BAIRNSDALE AIRPORT 
19100101 19101231    13.4
19110101 19111231    13.5
19120101 19121231    13.3
19130101 19131231    13.8
19140101 19141231    14.5
19150101 19151231    14.1
19160101 19161231    13.9
19170101 19171231    13.9
19180101 19181231    14.1
19190101 19191231    14.3
19200101 19201231    13.5
19210101 19211231    14.5
19220101 19221231    14.3
19230101 19231231    13.9
19240101 19241231    13.4
19250101 19251231    13.5
19260101 19261231    14.3
19270101 19271231    13.9
19280101 19281231    15.1
19290101 19291231    13.8
19300101 19301231    14.0
19310101 19311231    13.5
19320101 19321231    13.9
19330101 19331231    13.8
19340101 19341231    14.1
19350101 19351231    13.2
19360101 19361231    14.1
19370101 19371231    14.3
19380101 19381231    14.1
19390101 19391231    14.1
19400101 19401231    14.4
19410101 19411231    14.0
19420101 19421231    14.2
19430101 19431231    13.3
19440101 19441231    13.9
19450101 19451231    13.4
19460101 19461231    13.2
19470101 19471231    13.9
19480101 19481231    13.4
19490101 19491231    12.9
19500101 19501231    14.3
19510101 19511231    14.1
19520101 19521231    13.6
19530101 19531231    13.8
19540101 19541231    13.7
19550101 19551231    13.9
19560101 19561231    13.7
19570101 19571231    13.6
19580101 19581231    13.6
19590101 19591231    14.3
19600101 19601231    13.8
19610101 19611231    14.2
19620101 19621231    13.9
19630101 19631231    13.6
19640101 19641231    13.8
19650101 19651231    13.9
19660101 19661231    13.6
19670101 19671231    13.7
19680101 19681231    14.1
19690101 19691231    13.4
19700101 19701231    13.4
19710101 19711231    13.6
19720101 19721231    14.0
19730101 19731231    14.2
19740101 19741231    14.0
19750101 19751231    14.1
19760101 19761231    13.7
19770101 19771231    13.9
19780101 19781231    13.8
19790101 19791231    14.1
19800101 19801231    14.2
19810101 19811231    14.1
19820101 19821231    14.1
19830101 19831231    14.0
19840101 19841231    13.7
19850101 19851231    13.8
19860101 19861231    13.5
19870101 19871231    13.9
19880101 19881231    14.9
19890101 19891231    14.1
19900101 19901231    14.4
19910101 19911231    14.4
19920101 19921231    13.8
19930101 19931231    14.2
19940101 19941231    13.8
19950101 19951231    13.5
19960101 19961231    13.4
19970101 19971231    14.5
19980101 19981231    14.5
19990101 19991231    14.8
20000101 20001231    14.8
20010101 20011231    14.4
20020101 20021231    14.1
20030101 20031231    14.1
20040101 20041231    14.1
20050101 20051231    14.8
20060101 20061231    14.1
20070101 20071231    14.9
20080101 20081231    14.3
20090101 20091231    14.9
20100101 20101231    14.7
20110101 20111231    14.3
20120101 20121231    14.5
