MEAN TEMP  014015 19100101 20121231 missing_value=99999.9    DARWIN AIRPORT     
19100101 19101231    26.8
19110101 19111231    26.5
19120101 19121231    26.8
19130101 19131231    26.1
19140101 19141231    26.5
19150101 19151231    27.0
19160101 19161231    27.1
19170101 19171231    26.5
19180101 19181231    26.4
19190101 19191231    26.3
19200101 19201231    27.2
19210101 19211231    26.9
19220101 19221231    26.4
19230101 19231231    26.2
19240101 19241231    27.0
19250101 19251231    26.0
19260101 19261231    27.0
19270101 19271231    27.0
19280101 19281231    27.0
19290101 19291231    26.3
19300101 19301231    26.5
19310101 19311231    27.1
19320101 19321231    26.8
19330101 19331231    26.5
19340101 19341231    26.5
19350101 19351231    26.5
19360101 19361231    27.0
19370101 19371231    27.0
19380101 19381231    27.1
19390101 19391231    26.5
19400101 19401231    26.3
19410101 19411231    26.5
19420101 19421231 99999.9
19430101 19431231    26.1
19440101 19441231 99999.9
19450101 19451231    26.8
19460101 19461231 99999.9
19470101 19471231    27.0
19480101 19481231    26.8
19490101 19491231    26.2
19500101 19501231    26.4
19510101 19511231    27.0
19520101 19521231    27.4
19530101 19531231    26.8
19540101 19541231    26.7
19550101 19551231    27.3
19560101 19561231    26.8
19570101 19571231    26.7
19580101 19581231    27.5
19590101 19591231    26.8
19600101 19601231    26.5
19610101 19611231    26.6
19620101 19621231    27.1
19630101 19631231    26.3
19640101 19641231    27.0
19650101 19651231    26.8
19660101 19661231    27.3
19670101 19671231    26.8
19680101 19681231    27.0
19690101 19691231    27.3
19700101 19701231    27.5
19710101 19711231    26.9
19720101 19721231    27.0
19730101 19731231    27.8
19740101 19741231    26.6
19750101 19751231    27.1
19760101 19761231    26.7
19770101 19771231    26.6
19780101 19781231    27.4
19790101 19791231    27.5
19800101 19801231    27.3
19810101 19811231    27.5
19820101 19821231    26.9
19830101 19831231    27.6
19840101 19841231    27.3
19850101 19851231    27.5
19860101 19861231    27.8
19870101 19871231    27.8
19880101 19881231    28.1
19890101 19891231    27.6
19900101 19901231    27.7
19910101 19911231    27.5
19920101 19921231    28.0
19930101 19931231    28.0
19940101 19941231    27.4
19950101 19951231    27.6
19960101 19961231    27.9
19970101 19971231    27.5
19980101 19981231    28.5
19990101 19991231    27.2
20000101 20001231    27.3
20010101 20011231    27.6
20020101 20021231    27.8
20030101 20031231    28.0
20040101 20041231    27.5
20050101 20051231    28.2
20060101 20061231    27.1
20070101 20071231    27.7
20080101 20081231    27.7
20090101 20091231    28.0
20100101 20101231    28.3
20110101 20111231    27.0
20120101 20121231    27.4
