MEAN TEMP  046037 19100101 20121231 missing_value=99999.9    TIBOOBURRA POST OFF
19100101 19101231    20.0
19110101 19111231    19.8
19120101 19121231    20.6
19130101 19131231    20.2
19140101 19141231    21.9
19150101 19151231    21.0
19160101 19161231    19.8
19170101 19171231    19.5
19180101 19181231    20.3
19190101 19191231    21.3
19200101 19201231    20.0
19210101 19211231    21.0
19220101 19221231    20.7
19230101 19231231    21.4
19240101 19241231    20.3
19250101 19251231    20.6
19260101 19261231    20.8
19270101 19271231    20.4
19280101 19281231    20.8
19290101 19291231    20.4
19300101 19301231    20.9
19310101 19311231    19.9
19320101 19321231    21.0
19330101 19331231    20.6
19340101 19341231    20.9
19350101 19351231    20.0
19360101 19361231    20.5
19370101 19371231    21.0
19380101 19381231    22.0
19390101 19391231    20.5
19400101 19401231    22.3
19410101 19411231    21.5
19420101 19421231    20.8
19430101 19431231    19.7
19440101 19441231    20.5
19450101 19451231    20.1
19460101 19461231    20.3
19470101 19471231    20.2
19480101 19481231    20.5
19490101 19491231    19.4
19500101 19501231    20.0
19510101 19511231    20.7
19520101 19521231    19.5
19530101 19531231    20.5
19540101 19541231    19.7
19550101 19551231    19.8
19560101 19561231    18.5
19570101 19571231    21.0
19580101 19581231    20.5
19590101 19591231    21.1
19600101 19601231    20.1
19610101 19611231    20.9
19620101 19621231    20.3
19630101 19631231    20.3
19640101 19641231    20.1
19650101 19651231    21.1
19660101 19661231    19.8
19670101 19671231    20.5
19680101 19681231    20.2
19690101 19691231    20.6
19700101 19701231    20.0
19710101 19711231    20.0
19720101 19721231    21.0
19730101 19731231    21.4
19740101 19741231    19.5
19750101 19751231    20.5
19760101 19761231    19.4
19770101 19771231    20.9
19780101 19781231    19.9
19790101 19791231    21.1
19800101 19801231    21.5
19810101 19811231    20.6
19820101 19821231    20.7
19830101 19831231    21.0
19840101 19841231    19.5
19850101 19851231    20.3
19860101 19861231    20.4
19870101 19871231    20.4
19880101 19881231    21.3
19890101 19891231    20.4
19900101 19901231    21.3
19910101 19911231    21.6
19920101 19921231    20.4
19930101 19931231    21.2
19940101 19941231    21.0
19950101 19951231    20.9
19960101 19961231    21.0
19970101 19971231    21.4
19980101 19981231    21.2
19990101 19991231    21.4
20000101 20001231    21.3
20010101 20011231    21.5
20020101 20021231    22.0
20030101 20031231    21.8
20040101 20041231    21.6
20050101 20051231    22.1
20060101 20061231    21.9
20070101 20071231    21.7
20080101 20081231    21.3
20090101 20091231    22.3
20100101 20101231    20.1
20110101 20111231    21.0
20120101 20121231    20.9
