MEAN TEMP  013017 19570101 20121231 missing_value=99999.9    GILES METEOROLOGICA
19570101 19571231    22.9
19580101 19581231    22.2
19590101 19591231    22.8
19600101 19601231    21.9
19610101 19611231    22.8
19620101 19621231    22.3
19630101 19631231    23.3
19640101 19641231    22.5
19650101 19651231    23.5
19660101 19661231    22.0
19670101 19671231    21.9
19680101 19681231    21.6
19690101 19691231    22.0
19700101 19701231    22.6
19710101 19711231    22.6
19720101 19721231    22.9
19730101 19731231    22.8
19740101 19741231    20.7
19750101 19751231    22.0
19760101 19761231    21.6
19770101 19771231    22.9
19780101 19781231    22.0
19790101 19791231    23.0
19800101 19801231    23.8
19810101 19811231    22.8
19820101 19821231    22.3
19830101 19831231    22.2
19840101 19841231    22.1
19850101 19851231    23.2
19860101 19861231    23.1
19870101 19871231    22.5
19880101 19881231    22.8
19890101 19891231    21.9
19900101 19901231    23.0
19910101 19911231    23.9
19920101 19921231    22.2
19930101 19931231    22.7
19940101 19941231    23.0
19950101 19951231    22.8
19960101 19961231    23.9
19970101 19971231    23.0
19980101 19981231    23.5
19990101 19991231    22.0
20000101 20001231    21.4
20010101 20011231    21.3
20020101 20021231    22.9
20030101 20031231    22.9
20040101 20041231    22.9
20050101 20051231    23.5
20060101 20061231    23.0
20070101 20071231    22.9
20080101 20081231    23.2
20090101 20091231    23.5
20100101 20101231    22.3
20110101 20111231    22.2
20120101 20121231    22.4
