MEAN TEMP  062101 19100101 20121231 missing_value=99999.9    MUDGEE AIRPORT AWS 
19100101 19101231    15.5
19110101 19111231    14.6
19120101 19121231    14.8
19130101 19131231    14.9
19140101 19141231    15.9
19150101 19151231    15.6
19160101 19161231    14.7
19170101 19171231    14.5
19180101 19181231    15.0
19190101 19191231    16.1
19200101 19201231    15.4
19210101 19211231    15.8
19220101 19221231    15.5
19230101 19231231    15.3
19240101 19241231    14.7
19250101 19251231    15.0
19260101 19261231    15.6
19270101 19271231    14.8
19280101 19281231    15.0
19290101 19291231    14.9
19300101 19301231    15.8
19310101 19311231    14.8
19320101 19321231    15.1
19330101 19331231    15.1
19340101 19341231    14.5
19350101 19351231    14.6
19360101 19361231    14.8
19370101 19371231    14.8
19380101 19381231    16.0
19390101 19391231    15.3
19400101 19401231    15.6
19410101 19411231    14.7
19420101 19421231    15.3
19430101 19431231    14.2
19440101 19441231    15.1
19450101 19451231    14.7
19460101 19461231    14.9
19470101 19471231    14.6
19480101 19481231    13.9
19490101 19491231    14.1
19500101 19501231    15.0
19510101 19511231    14.5
19520101 19521231    14.7
19530101 19531231    14.5
19540101 19541231    14.1
19550101 19551231    14.8
19560101 19561231    13.8
19570101 19571231    14.3
19580101 19581231    14.1
19590101 19591231    14.7
19600101 19601231    13.9
19610101 19611231    15.1
19620101 19621231    14.2
19630101 19631231    14.3
19640101 19641231    14.2
19650101 19651231    14.9
19660101 19661231    14.3
19670101 19671231    15.1
19680101 19681231    15.0
19690101 19691231    14.9
19700101 19701231    14.4
19710101 19711231    14.0
19720101 19721231    14.9
19730101 19731231    15.8
19740101 19741231    14.8
19750101 19751231    15.1
19760101 19761231    14.5
19770101 19771231    15.4
19780101 19781231    14.9
19790101 19791231    15.5
19800101 19801231    16.0
19810101 19811231    16.0
19820101 19821231    15.4
19830101 19831231    15.4
19840101 19841231    14.3
19850101 19851231    15.1
19860101 19861231    14.7
19870101 19871231    15.2
19880101 19881231    15.5
19890101 19891231    15.2
19900101 19901231    15.2
19910101 19911231    15.4
19920101 19921231    13.5
19930101 19931231    14.7
19940101 19941231    14.7
19950101 19951231    15.1
19960101 19961231    14.6
19970101 19971231    15.6
19980101 19981231    15.8
19990101 19991231    15.0
20000101 20001231    14.9
20010101 20011231    15.1
20020101 20021231    15.4
20030101 20031231    15.2
20040101 20041231    15.6
20050101 20051231    15.7
20060101 20061231    15.9
20070101 20071231    16.0
20080101 20081231    14.6
20090101 20091231    16.1
20100101 20101231    15.3
20110101 20111231    15.3
20120101 20121231    15.1
