MEAN TEMP  028004 19100101 20121231 missing_value=99999.9    PALMERVILLE        
19100101 19101231    25.6
19110101 19111231    25.0
19120101 19121231    25.7
19130101 19131231    24.5
19140101 19141231    25.0
19150101 19151231    26.5
19160101 19161231    26.3
19170101 19171231    25.8
19180101 19181231    25.2
19190101 19191231    25.5
19200101 19201231    26.2
19210101 19211231    25.3
19220101 19221231    25.6
19230101 19231231    25.7
19240101 19241231    26.1
19250101 19251231    25.2
19260101 19261231    26.3
19270101 19271231    25.8
19280101 19281231    26.0
19290101 19291231    25.3
19300101 19301231    25.1
19310101 19311231    26.3
19320101 19321231    25.9
19330101 19331231    26.0
19340101 19341231    25.9
19350101 19351231    26.4
19360101 19361231    26.0
19370101 19371231    25.9
19380101 19381231    26.5
19390101 19391231    25.5
19400101 19401231    25.6
19410101 19411231    25.4
19420101 19421231    26.6
19430101 19431231    26.1
19440101 19441231    24.9
19450101 19451231    25.3
19460101 19461231    25.0
19470101 19471231    26.1
19480101 19481231    26.0
19490101 19491231    25.3
19500101 19501231    25.8
19510101 19511231    25.8
19520101 19521231    26.8
19530101 19531231    25.7
19540101 19541231    25.6
19550101 19551231    26.1
19560101 19561231    26.0
19570101 19571231    26.5
19580101 19581231    26.5
19590101 19591231    25.7
19600101 19601231    25.8
19610101 19611231    26.1
19620101 19621231    26.5
19630101 19631231    25.5
19640101 19641231    26.3
19650101 19651231    25.1
19660101 19661231    26.1
19670101 19671231    25.8
19680101 19681231    25.4
19690101 19691231    26.4
19700101 19701231    26.2
19710101 19711231    26.1
19720101 19721231    25.8
19730101 19731231    26.5
19740101 19741231    25.8
19750101 19751231    26.1
19760101 19761231    25.7
19770101 19771231 99999.9
19780101 19781231    26.1
19790101 19791231    25.5
19800101 19801231    25.9
19810101 19811231    26.1
19820101 19821231    25.4
19830101 19831231    26.7
19840101 19841231    26.1
19850101 19851231    26.5
19860101 19861231    26.3
19870101 19871231    27.1
19880101 19881231    27.0
19890101 19891231    26.5
19900101 19901231    26.0
19910101 19911231    26.0
19920101 19921231    26.7
19930101 19931231    26.0
19940101 19941231    26.3
19950101 19951231    26.8
19960101 19961231    26.3
19970101 19971231    25.8
19980101 19981231    27.0
19990101 19991231    26.0
20000101 20001231    25.6
20010101 20011231    26.4
20020101 20021231    26.0
20030101 20031231 99999.9
20040101 20041231    25.8
20050101 20051231    26.1
20060101 20061231 99999.9
20070101 20071231 99999.9
20080101 20081231    25.6
20090101 20091231 99999.9
20100101 20101231    26.5
20110101 20111231 99999.9
20120101 20121231    25.8
