MEAN TEMP  016098 19220101 20121231 missing_value=99999.9    TARCOOLA AERO      
19220101 19221231    18.9
19230101 19231231    19.1
19240101 19241231    17.7
19250101 19251231    18.3
19260101 19261231    18.3
19270101 19271231    18.1
19280101 19281231    18.5
19290101 19291231    17.7
19300101 19301231    19.5
19310101 19311231    17.8
19320101 19321231    18.6
19330101 19331231    18.6
19340101 19341231    19.3
19350101 19351231    18.5
19360101 19361231    18.5
19370101 19371231    18.8
19380101 19381231    19.0
19390101 19391231    18.9
19400101 19401231    18.8
19410101 19411231    18.7
19420101 19421231    19.0
19430101 19431231    18.3
19440101 19441231    18.9
19450101 19451231    18.3
19460101 19461231    17.8
19470101 19471231    18.8
19480101 19481231    18.5
19490101 19491231    18.0
19500101 19501231    18.8
19510101 19511231    19.3
19520101 19521231    18.1
19530101 19531231    18.9
19540101 19541231    18.5
19550101 19551231    18.7
19560101 19561231    18.2
19570101 19571231    18.9
19580101 19581231    18.5
19590101 19591231    19.4
19600101 19601231    18.8
19610101 19611231    19.8
19620101 19621231    19.4
19630101 19631231    19.5
19640101 19641231    18.4
19650101 19651231    19.7
19660101 19661231    18.5
19670101 19671231    18.9
19680101 19681231    18.9
19690101 19691231    18.5
19700101 19701231    18.3
19710101 19711231    18.9
19720101 19721231    19.0
19730101 19731231    19.5
19740101 19741231    18.8
19750101 19751231    18.8
19760101 19761231    18.1
19770101 19771231    19.5
19780101 19781231    18.8
19790101 19791231    19.5
19800101 19801231    19.8
19810101 19811231    19.8
19820101 19821231    19.6
19830101 19831231    19.6
19840101 19841231    19.0
19850101 19851231    19.4
19860101 19861231    19.3
19870101 19871231    19.4
19880101 19881231    19.8
19890101 19891231    18.9
19900101 19901231    19.8
19910101 19911231    20.0
19920101 19921231    18.5
19930101 19931231    19.5
19940101 19941231    19.4
19950101 19951231    19.4
19960101 19961231    19.5
19970101 19971231    19.8
19980101 19981231    19.4
19990101 19991231    19.6
20000101 20001231    20.0
20010101 20011231    19.3
20020101 20021231 99999.9
20030101 20031231    19.7
20040101 20041231    19.8
20050101 20051231    20.0
20060101 20061231    19.9
20070101 20071231 99999.9
20080101 20081231    19.4
20090101 20091231    20.5
20100101 20101231    19.3
20110101 20111231    19.9
20120101 20121231    19.6
