MEAN TEMP  063231 19100101 20121231 missing_value=99999.9    ORANGE AIRPORT COMP
19100101 19101231    11.5
19110101 19111231    11.6
19120101 19121231    12.0
19130101 19131231    11.7
19140101 19141231    13.5
19150101 19151231    12.3
19160101 19161231    11.7
19170101 19171231    11.3
19180101 19181231    11.9
19190101 19191231    12.9
19200101 19201231    11.3
19210101 19211231    11.6
19220101 19221231    11.7
19230101 19231231    11.5
19240101 19241231    11.4
19250101 19251231    11.2
19260101 19261231    12.0
19270101 19271231    11.5
19280101 19281231    12.1
19290101 19291231    11.0
19300101 19301231    11.7
19310101 19311231    11.3
19320101 19321231    11.4
19330101 19331231    11.9
19340101 19341231    11.8
19350101 19351231    11.6
19360101 19361231    11.5
19370101 19371231    11.7
19380101 19381231    12.2
19390101 19391231    11.9
19400101 19401231    12.4
19410101 19411231    11.6
19420101 19421231    12.3
19430101 19431231    11.6
19440101 19441231    12.5
19450101 19451231    12.0
19460101 19461231    12.1
19470101 19471231    11.9
19480101 19481231    11.5
19490101 19491231    11.8
19500101 19501231    11.9
19510101 19511231    11.4
19520101 19521231    11.6
19530101 19531231    11.4
19540101 19541231    11.6
19550101 19551231    11.5
19560101 19561231    10.6
19570101 19571231    12.3
19580101 19581231    12.2
19590101 19591231    12.3
19600101 19601231    11.5
19610101 19611231    12.0
19620101 19621231    11.4
19630101 19631231    11.9
19640101 19641231    11.0
19650101 19651231    11.6
19660101 19661231    11.0
19670101 19671231    12.9
19680101 19681231    12.4
19690101 19691231    10.9
19700101 19701231    11.2
19710101 19711231    11.1
19720101 19721231    11.7
19730101 19731231    12.6
19740101 19741231    11.4
19750101 19751231    12.0
19760101 19761231    11.2
19770101 19771231    12.2
19780101 19781231    11.4
19790101 19791231    12.6
19800101 19801231    12.8
19810101 19811231    12.5
19820101 19821231    12.5
19830101 19831231    12.3
19840101 19841231    11.1
19850101 19851231    11.7
19860101 19861231    11.5
19870101 19871231    11.8
19880101 19881231    12.4
19890101 19891231    11.6
19900101 19901231    12.4
19910101 19911231    12.8
19920101 19921231    11.2
19930101 19931231    12.2
19940101 19941231    12.0
19950101 19951231    11.8
19960101 19961231    11.4
19970101 19971231    12.4
19980101 19981231    12.6
19990101 19991231    12.3
20000101 20001231    12.1
20010101 20011231    12.4
20020101 20021231    12.8
20030101 20031231    12.5
20040101 20041231    12.8
20050101 20051231    12.9
20060101 20061231    13.1
20070101 20071231    13.2
20080101 20081231    12.0
20090101 20091231    13.3
20100101 20101231    12.4
20110101 20111231 99999.9
20120101 20121231 99999.9
