MEAN TEMP  067105 19100101 20121231 missing_value=99999.9    RICHMOND RAAF      
19100101 19101231    16.9
19110101 19111231    16.8
19120101 19121231    17.1
19130101 19131231    17.5
19140101 19141231    17.7
19150101 19151231    17.0
19160101 19161231    17.2
19170101 19171231    16.3
19180101 19181231    16.1
19190101 19191231    17.5
19200101 19201231    16.4
19210101 19211231    17.0
19220101 19221231    17.0
19230101 19231231    17.4
19240101 19241231    16.6
19250101 19251231    16.6
19260101 19261231    17.3
19270101 19271231    16.0
19280101 19281231    17.3
19290101 19291231    16.5
19300101 19301231    17.0
19310101 19311231    16.7
19320101 19321231    16.8
19330101 19331231    16.5
19340101 19341231    16.7
19350101 19351231    16.1
19360101 19361231    16.6
19370101 19371231    16.8
19380101 19381231    17.2
19390101 19391231    17.5
19400101 19401231    17.8
19410101 19411231    16.7
19420101 19421231    17.3
19430101 19431231    16.2
19440101 19441231    17.1
19450101 19451231    16.8
19460101 19461231    17.8
19470101 19471231    17.5
19480101 19481231    16.3
19490101 19491231    16.3
19500101 19501231    16.9
19510101 19511231    16.5
19520101 19521231    17.1
19530101 19531231    16.8
19540101 19541231    16.7
19550101 19551231    17.0
19560101 19561231    16.6
19570101 19571231    17.4
19580101 19581231    17.5
19590101 19591231    17.1
19600101 19601231    16.6
19610101 19611231    16.8
19620101 19621231    16.6
19630101 19631231    17.0
19640101 19641231    16.9
19650101 19651231    17.0
19660101 19661231    16.5
19670101 19671231    16.9
19680101 19681231    17.3
19690101 19691231    16.9
19700101 19701231    16.1
19710101 19711231    16.5
19720101 19721231    16.8
19730101 19731231    17.6
19740101 19741231    17.0
19750101 19751231    17.5
19760101 19761231    16.8
19770101 19771231    17.5
19780101 19781231    17.1
19790101 19791231    17.8
19800101 19801231    18.2
19810101 19811231    17.5
19820101 19821231    17.1
19830101 19831231    17.5
19840101 19841231    16.8
19850101 19851231    17.3
19860101 19861231    17.0
19870101 19871231    17.4
19880101 19881231    17.8
19890101 19891231    17.2
19900101 19901231    17.5
19910101 19911231    18.1
19920101 19921231    16.8
19930101 19931231    17.4
19940101 19941231    17.3
19950101 19951231    17.1
19960101 19961231    17.0
19970101 19971231    17.6
19980101 19981231    18.1
19990101 19991231    17.3
20000101 20001231    17.3
20010101 20011231    17.3
20020101 20021231    17.8
20030101 20031231    17.5
20040101 20041231    17.8
20050101 20051231    17.9
20060101 20061231    17.4
20070101 20071231    17.7
20080101 20081231    16.5
20090101 20091231    18.2
20100101 20101231    17.5
20110101 20111231    17.4
20120101 20121231    17.3
