MEAN TEMP  022801 19250101 20121231 missing_value=99999.9    CAPE BORDA         
19250101 19251231    14.1
19260101 19261231    14.3
19270101 19271231    14.0
19280101 19281231    14.3
19290101 19291231    13.9
19300101 19301231    15.1
19310101 19311231    13.9
19320101 19321231    14.3
19330101 19331231    14.0
19340101 19341231    14.9
19350101 19351231    14.3
19360101 19361231    14.3
19370101 19371231    14.6
19380101 19381231    14.4
19390101 19391231    14.9
19400101 19401231    14.3
19410101 19411231    14.1
19420101 19421231    14.1
19430101 19431231    13.7
19440101 19441231    14.0
19450101 19451231    14.1
19460101 19461231    13.8
19470101 19471231    14.4
19480101 19481231    14.0
19490101 19491231    13.8
19500101 19501231    14.6
19510101 19511231    14.4
19520101 19521231    13.5
19530101 19531231    14.1
19540101 19541231    14.0
19550101 19551231    14.3
19560101 19561231    13.9
19570101 19571231    14.1
19580101 19581231    13.7
19590101 19591231    14.4
19600101 19601231    13.8
19610101 19611231    15.3
19620101 19621231    14.4
19630101 19631231    14.4
19640101 19641231    13.6
19650101 19651231    14.4
19660101 19661231    14.1
19670101 19671231    14.4
19680101 19681231    14.3
19690101 19691231    14.1
19700101 19701231    13.9
19710101 19711231    14.3
19720101 19721231    14.5
19730101 19731231    14.8
19740101 19741231    14.8
19750101 19751231    14.7
19760101 19761231    14.3
19770101 19771231    14.5
19780101 19781231    14.3
19790101 19791231    14.6
19800101 19801231    14.9
19810101 19811231    14.6
19820101 19821231    15.1
19830101 19831231    14.8
19840101 19841231    14.5
19850101 19851231    14.7
19860101 19861231    14.3
19870101 19871231    14.3
19880101 19881231    15.2
19890101 19891231    14.8
19900101 19901231    15.0
19910101 19911231    14.9
19920101 19921231    14.4
19930101 19931231    15.1
19940101 19941231    14.9
19950101 19951231    14.6
19960101 19961231    14.7
19970101 19971231    15.3
19980101 19981231    14.9
19990101 19991231    15.4
20000101 20001231    15.9
20010101 20011231    15.2
20020101 20021231    15.1
20030101 20031231 99999.9
20040101 20041231    15.2
20050101 20051231    15.3
20060101 20061231    15.2
20070101 20071231 99999.9
20080101 20081231 99999.9
20090101 20091231 99999.9
20100101 20101231 99999.9
20110101 20111231 99999.9
20120101 20121231 99999.9
