MEAN TEMP  072150 19100101 20121231 missing_value=99999.9    WAGGA WAGGA AMO    
19100101 19101231    15.0
19110101 19111231    14.3
19120101 19121231    15.1
19130101 19131231    14.8
19140101 19141231    16.5
19150101 19151231    14.9
19160101 19161231    14.1
19170101 19171231    14.0
19180101 19181231    14.4
19190101 19191231    15.9
19200101 19201231    15.0
19210101 19211231    15.3
19220101 19221231    15.0
19230101 19231231    14.9
19240101 19241231    13.6
19250101 19251231    14.6
19260101 19261231    14.8
19270101 19271231    14.4
19280101 19281231    15.3
19290101 19291231    14.8
19300101 19301231    15.6
19310101 19311231    14.8
19320101 19321231    14.9
19330101 19331231    15.0
19340101 19341231    15.1
19350101 19351231    14.6
19360101 19361231    14.8
19370101 19371231    15.4
19380101 19381231    16.0
19390101 19391231    15.5
19400101 19401231    15.3
19410101 19411231    14.7
19420101 19421231    15.7
19430101 19431231    14.4
19440101 19441231    14.9
19450101 19451231    15.1
19460101 19461231    14.7
19470101 19471231    14.9
19480101 19481231    14.3
19490101 19491231    14.0
19500101 19501231    15.1
19510101 19511231    14.9
19520101 19521231    14.9
19530101 19531231    14.6
19540101 19541231    15.1
19550101 19551231    14.9
19560101 19561231    13.8
19570101 19571231    14.9
19580101 19581231    15.0
19590101 19591231    15.6
19600101 19601231    14.8
19610101 19611231    15.4
19620101 19621231    14.8
19630101 19631231    15.5
19640101 19641231    14.4
19650101 19651231    15.1
19660101 19661231    14.3
19670101 19671231    15.6
19680101 19681231    15.3
19690101 19691231    14.8
19700101 19701231    14.6
19710101 19711231    14.9
19720101 19721231    15.3
19730101 19731231    15.8
19740101 19741231    15.0
19750101 19751231    15.6
19760101 19761231    15.1
19770101 19771231    15.5
19780101 19781231    15.6
19790101 19791231    15.9
19800101 19801231    15.8
19810101 19811231    16.0
19820101 19821231    16.0
19830101 19831231    15.8
19840101 19841231    14.7
19850101 19851231    15.2
19860101 19861231    14.7
19870101 19871231    15.3
19880101 19881231    16.3
19890101 19891231    15.3
19900101 19901231    16.1
19910101 19911231    16.1
19920101 19921231    14.8
19930101 19931231    15.6
19940101 19941231    15.5
19950101 19951231    15.3
19960101 19961231    15.0
19970101 19971231    16.1
19980101 19981231    15.9
19990101 19991231    15.9
20000101 20001231    15.8
20010101 20011231    15.9
20020101 20021231    16.1
20030101 20031231    16.4
20040101 20041231    15.8
20050101 20051231    16.2
20060101 20061231    16.4
20070101 20071231    17.0
20080101 20081231    16.0
20090101 20091231    17.2
20100101 20101231    16.0
20110101 20111231    15.7
20120101 20121231    15.4
