MEAN TEMP  016001 19500101 20121231 missing_value=99999.9    WOOMERA AERODROME  
19500101 19501231    18.6
19510101 19511231    19.2
19520101 19521231    18.2
19530101 19531231    18.8
19540101 19541231    18.5
19550101 19551231    18.5
19560101 19561231    18.0
19570101 19571231    19.3
19580101 19581231    18.4
19590101 19591231    19.4
19600101 19601231    18.6
19610101 19611231    19.3
19620101 19621231    19.0
19630101 19631231    19.1
19640101 19641231    18.5
19650101 19651231    19.5
19660101 19661231    18.4
19670101 19671231    19.1
19680101 19681231    19.0
19690101 19691231    18.7
19700101 19701231    18.6
19710101 19711231    18.9
19720101 19721231    19.3
19730101 19731231    19.6
19740101 19741231    18.8
19750101 19751231    19.2
19760101 19761231    18.5
19770101 19771231    19.8
19780101 19781231    18.7
19790101 19791231    19.5
19800101 19801231    19.8
19810101 19811231    19.7
19820101 19821231    19.7
19830101 19831231    19.7
19840101 19841231    18.8
19850101 19851231    19.1
19860101 19861231    18.8
19870101 19871231    19.0
19880101 19881231    19.6
19890101 19891231    18.7
19900101 19901231    19.7
19910101 19911231    20.1
19920101 19921231    18.5
19930101 19931231    19.5
19940101 19941231    19.5
19950101 19951231    19.1
19960101 19961231    19.3
19970101 19971231    19.5
19980101 19981231    19.1
19990101 19991231    19.8
20000101 20001231    20.0
20010101 20011231    19.4
20020101 20021231    19.8
20030101 20031231    19.8
20040101 20041231    19.9
20050101 20051231    20.0
20060101 20061231    19.9
20070101 20071231    20.4
20080101 20081231    19.5
20090101 20091231    20.4
20100101 20101231    19.3
20110101 20111231    19.9
20120101 20121231    19.5
