MEAN TEMP  061055 19100101 20121231 missing_value=99999.9    NEWCASTLE NOBBYS SI
19100101 19101231    18.5
19110101 19111231    18.5
19120101 19121231    18.6
19130101 19131231    18.5
19140101 19141231    19.2
19150101 19151231    18.8
19160101 19161231    18.3
19170101 19171231    18.1
19180101 19181231    18.3
19190101 19191231    19.3
19200101 19201231    18.4
19210101 19211231    18.9
19220101 19221231    19.0
19230101 19231231    19.0
19240101 19241231    18.3
19250101 19251231    18.1
19260101 19261231    18.9
19270101 19271231    18.0
19280101 19281231    19.2
19290101 19291231    18.5
19300101 19301231    18.7
19310101 19311231    18.5
19320101 19321231    18.5
19330101 19331231    18.3
19340101 19341231    18.2
19350101 19351231    18.3
19360101 19361231    18.3
19370101 19371231    18.5
19380101 19381231    18.9
19390101 19391231    18.5
19400101 19401231    19.2
19410101 19411231    18.4
19420101 19421231    19.0
19430101 19431231    18.1
19440101 19441231    18.8
19450101 19451231    18.7
19460101 19461231    18.6
19470101 19471231    18.6
19480101 19481231    17.9
19490101 19491231    18.1
19500101 19501231    18.5
19510101 19511231    18.3
19520101 19521231    18.4
19530101 19531231    18.3
19540101 19541231    18.4
19550101 19551231    18.5
19560101 19561231    17.8
19570101 19571231    18.6
19580101 19581231    18.8
19590101 19591231    18.1
19600101 19601231    17.6
19610101 19611231    17.8
19620101 19621231    17.9
19630101 19631231    18.2
19640101 19641231    17.7
19650101 19651231    18.1
19660101 19661231    17.8
19670101 19671231    17.9
19680101 19681231    18.0
19690101 19691231    18.0
19700101 19701231    17.9
19710101 19711231    17.8
19720101 19721231    18.0
19730101 19731231    18.8
19740101 19741231    17.8
19750101 19751231    18.2
19760101 19761231    18.0
19770101 19771231    18.1
19780101 19781231    18.0
19790101 19791231    18.8
19800101 19801231    19.4
19810101 19811231    18.8
19820101 19821231    18.5
19830101 19831231    18.5
19840101 19841231    17.9
19850101 19851231    18.2
19860101 19861231    18.3
19870101 19871231    18.5
19880101 19881231    19.0
19890101 19891231    18.4
19900101 19901231    18.7
19910101 19911231    18.9
19920101 19921231    18.0
19930101 19931231    18.4
19940101 19941231    18.3
19950101 19951231    18.3
19960101 19961231    18.3
19970101 19971231    18.7
19980101 19981231    18.8
19990101 19991231    18.5
20000101 20001231    18.4
20010101 20011231    18.7
20020101 20021231    18.8
20030101 20031231    18.3
20040101 20041231    18.5
20050101 20051231    18.9
20060101 20061231 99999.9
20070101 20071231    18.5
20080101 20081231    18.0
20090101 20091231 99999.9
20100101 20101231    18.8
20110101 20111231    18.7
20120101 20121231    18.4
