MEAN TEMP  094198 19240101 20121231 missing_value=99999.9    CAPE BRUNY (CAPE BR
19240101 19241231    11.5
19250101 19251231    11.2
19260101 19261231    11.9
19270101 19271231    11.3
19280101 19281231    12.0
19290101 19291231    11.5
19300101 19301231    12.1
19310101 19311231    11.3
19320101 19321231    11.8
19330101 19331231    11.3
19340101 19341231    12.1
19350101 19351231    11.8
19360101 19361231    11.6
19370101 19371231    11.7
19380101 19381231    12.2
19390101 19391231    11.9
19400101 19401231    11.8
19410101 19411231    11.4
19420101 19421231    11.6
19430101 19431231    11.1
19440101 19441231    11.3
19450101 19451231    11.4
19460101 19461231    10.9
19470101 19471231    12.1
19480101 19481231    11.6
19490101 19491231    11.0
19500101 19501231    11.9
19510101 19511231    11.9
19520101 19521231    11.5
19530101 19531231    11.6
19540101 19541231    11.7
19550101 19551231    11.6
19560101 19561231    11.9
19570101 19571231    11.6
19580101 19581231    11.4
19590101 19591231    12.1
19600101 19601231    11.9
19610101 19611231    12.5
19620101 19621231    11.8
19630101 19631231    11.6
19640101 19641231    11.3
19650101 19651231    11.5
19660101 19661231    11.9
19670101 19671231    12.0
19680101 19681231    11.9
19690101 19691231    11.9
19700101 19701231    11.9
19710101 19711231    12.4
19720101 19721231    12.4
19730101 19731231    12.5
19740101 19741231    12.5
19750101 19751231    12.3
19760101 19761231    12.0
19770101 19771231    12.2
19780101 19781231    12.0
19790101 19791231    12.3
19800101 19801231    12.4
19810101 19811231    12.7
19820101 19821231    12.2
19830101 19831231    12.0
19840101 19841231    12.1
19850101 19851231    12.3
19860101 19861231    11.9
19870101 19871231    11.9
19880101 19881231    12.9
19890101 19891231    12.8
19900101 19901231    12.4
19910101 19911231    12.1
19920101 19921231    11.9
19930101 19931231    12.6
19940101 19941231    12.1
19950101 19951231    11.6
19960101 19961231    11.6
19970101 19971231    11.9
19980101 19981231    12.3
19990101 19991231    12.9
20000101 20001231    12.8
20010101 20011231    12.8
20020101 20021231    12.8
20030101 20031231    12.5
20040101 20041231    12.0
20050101 20051231    12.8
20060101 20061231    12.0
20070101 20071231    13.1
20080101 20081231    12.4
20090101 20091231    12.6
20100101 20101231    12.8
20110101 20111231    12.4
20120101 20121231 99999.9
