MAX TEMP   044026 19100101 20121231 missing_value=99999.9    CUNNAMULLA POST OFF
19100101 19101231    27.4
19110101 19111231    27.4
19120101 19121231    28.5
19130101 19131231    27.2
19140101 19141231    28.7
19150101 19151231    29.0
19160101 19161231    27.1
19170101 19171231    27.0
19180101 19181231    27.9
19190101 19191231    29.6
19200101 19201231    27.2
19210101 19211231    27.8
19220101 19221231    29.2
19230101 19231231    28.9
19240101 19241231    27.5
19250101 19251231    27.5
19260101 19261231    28.2
19270101 19271231    28.0
19280101 19281231    28.7
19290101 19291231    28.0
19300101 19301231    27.6
19310101 19311231    27.3
19320101 19321231    28.1
19330101 19331231    27.5
19340101 19341231    27.5
19350101 19351231    27.9
19360101 19361231    27.7
19370101 19371231    28.0
19380101 19381231    28.7
19390101 19391231    27.0
19400101 19401231    28.9
19410101 19411231    27.2
19420101 19421231    28.2
19430101 19431231    27.4
19440101 19441231    28.3
19450101 19451231    28.1
19460101 19461231    28.4
19470101 19471231    27.0
19480101 19481231    27.6
19490101 19491231    26.6
19500101 19501231    26.3
19510101 19511231    28.3
19520101 19521231    27.8
19530101 19531231    27.9
19540101 19541231    27.3
19550101 19551231    27.2
19560101 19561231    25.8
19570101 19571231    29.4
19580101 19581231    28.4
19590101 19591231    28.1
19600101 19601231    27.6
19610101 19611231    27.8
19620101 19621231    27.4
19630101 19631231    27.2
19640101 19641231    27.4
19650101 19651231    29.2
19660101 19661231    27.7
19670101 19671231    28.1
19680101 19681231    27.5
19690101 19691231    27.9
19700101 19701231    27.7
19710101 19711231    27.8
19720101 19721231    28.8
19730101 19731231    28.8
19740101 19741231    27.4
19750101 19751231    28.3
19760101 19761231    26.7
19770101 19771231    28.3
19780101 19781231    26.6
19790101 19791231    28.5
19800101 19801231    29.1
19810101 19811231    27.9
19820101 19821231    28.9
19830101 19831231    27.5
19840101 19841231    27.4
19850101 19851231    27.8
19860101 19861231    28.2
19870101 19871231    27.8
19880101 19881231    28.1
19890101 19891231    27.3
19900101 19901231    27.7
19910101 19911231    29.1
19920101 19921231    27.7
19930101 19931231    28.4
19940101 19941231    28.1
19950101 19951231    27.7
19960101 19961231    28.0
19970101 19971231    28.5
19980101 19981231    28.0
19990101 19991231    28.0
20000101 20001231    27.8
20010101 20011231    29.0
20020101 20021231    30.0
20030101 20031231    29.3
20040101 20041231    29.0
20050101 20051231    30.1
20060101 20061231    29.6
20070101 20071231    28.7
20080101 20081231    27.9
20090101 20091231    29.5
20100101 20101231    26.3
20110101 20111231    28.4
20120101 20121231    28.6
