MAX TEMP   048027 19100101 20121231 missing_value=99999.9    COBAR MO           
19100101 19101231    25.1
19110101 19111231    24.3
19120101 19121231    25.9
19130101 19131231    25.5
19140101 19141231    27.5
19150101 19151231    26.2
19160101 19161231    24.7
19170101 19171231    24.3
19180101 19181231    25.4
19190101 19191231    26.9
19200101 19201231    24.7
19210101 19211231    25.4
19220101 19221231    26.5
19230101 19231231    26.4
19240101 19241231    24.9
19250101 19251231    24.5
19260101 19261231    25.6
19270101 19271231    25.1
19280101 19281231    25.7
19290101 19291231    25.4
19300101 19301231    25.2
19310101 19311231    24.5
19320101 19321231    25.1
19330101 19331231    24.6
19340101 19341231    25.0
19350101 19351231    25.1
19360101 19361231    24.6
19370101 19371231    25.8
19380101 19381231    26.9
19390101 19391231    25.0
19400101 19401231    26.6
19410101 19411231    25.0
19420101 19421231    24.6
19430101 19431231    24.6
19440101 19441231    25.6
19450101 19451231    25.3
19460101 19461231    25.3
19470101 19471231    24.4
19480101 19481231    24.8
19490101 19491231    24.5
19500101 19501231    24.1
19510101 19511231    24.9
19520101 19521231    24.2
19530101 19531231    24.8
19540101 19541231    24.8
19550101 19551231    24.1
19560101 19561231    23.1
19570101 19571231    26.8
19580101 19581231    25.4
19590101 19591231    25.1
19600101 19601231    24.2
19610101 19611231    25.3
19620101 19621231    24.6
19630101 19631231    24.3
19640101 19641231    24.7
19650101 19651231    26.1
19660101 19661231    24.4
19670101 19671231    25.5
19680101 19681231    24.5
19690101 19691231    24.8
19700101 19701231    24.5
19710101 19711231    24.2
19720101 19721231    25.4
19730101 19731231    24.7
19740101 19741231    24.1
19750101 19751231    25.9
19760101 19761231    24.5
19770101 19771231    26.1
19780101 19781231    24.2
19790101 19791231    25.7
19800101 19801231    26.1
19810101 19811231    25.0
19820101 19821231    26.0
19830101 19831231    24.3
19840101 19841231    23.8
19850101 19851231    24.8
19860101 19861231    25.0
19870101 19871231    24.9
19880101 19881231    25.1
19890101 19891231    24.5
19900101 19901231    24.8
19910101 19911231    26.0
19920101 19921231    23.7
19930101 19931231    25.2
19940101 19941231    25.5
19950101 19951231    24.9
19960101 19961231    25.1
19970101 19971231    25.9
19980101 19981231    24.9
19990101 19991231    25.3
20000101 20001231    24.8
20010101 20011231    26.2
20020101 20021231    26.8
20030101 20031231    25.9
20040101 20041231    26.6
20050101 20051231    26.8
20060101 20061231    26.6
20070101 20071231    26.4
20080101 20081231    25.4
20090101 20091231    26.4
20100101 20101231    24.3
20110101 20111231    25.6
20120101 20121231    25.6
