MAX TEMP   065091 19100101 20121231 missing_value=99999.9    COWRA AIRPORT      
19100101 19101231    23.2
19110101 19111231    22.1
19120101 19121231    23.1
19130101 19131231    22.6
19140101 19141231    24.4
19150101 19151231    22.9
19160101 19161231    21.9
19170101 19171231    21.5
19180101 19181231    22.6
19190101 19191231    24.7
19200101 19201231    22.0
19210101 19211231    23.1
19220101 19221231    23.3
19230101 19231231    22.5
19240101 19241231    21.7
19250101 19251231    22.2
19260101 19261231    22.3
19270101 19271231    22.6
19280101 19281231    23.0
19290101 19291231    22.5
19300101 19301231    22.9
19310101 19311231    22.1
19320101 19321231    23.2
19330101 19331231    22.6
19340101 19341231    23.2
19350101 19351231    23.0
19360101 19361231    22.6
19370101 19371231    22.9
19380101 19381231    23.6
19390101 19391231    22.7
19400101 19401231    24.1
19410101 19411231    23.3
19420101 19421231    23.5
19430101 19431231    21.7
19440101 19441231    24.0
19450101 19451231    22.3
19460101 19461231    23.4
19470101 19471231    22.3
19480101 19481231    22.3
19490101 19491231    22.6
19500101 19501231    22.5
19510101 19511231    21.9
19520101 19521231    22.1
19530101 19531231    23.3
19540101 19541231    21.9
19550101 19551231    21.3
19560101 19561231    20.8
19570101 19571231    24.2
19580101 19581231    22.3
19590101 19591231    23.0
19600101 19601231    21.9
19610101 19611231    22.6
19620101 19621231    22.1
19630101 19631231    22.2
19640101 19641231    22.0
19650101 19651231    23.6
19660101 19661231    21.9
19670101 19671231    23.5
19680101 19681231    22.2
19690101 19691231    22.0
19700101 19701231    21.7
19710101 19711231    22.2
19720101 19721231    23.2
19730101 19731231    22.5
19740101 19741231    21.5
19750101 19751231    22.9
19760101 19761231    22.2
19770101 19771231    23.6
19780101 19781231    22.8
19790101 19791231    24.0
19800101 19801231    24.4
19810101 19811231    23.3
19820101 19821231    24.5
19830101 19831231    22.5
19840101 19841231    21.8
19850101 19851231    22.5
19860101 19861231    22.5
19870101 19871231    22.8
19880101 19881231    23.3
19890101 19891231    22.6
19900101 19901231    22.9
19910101 19911231    23.6
19920101 19921231    21.4
19930101 19931231    22.8
19940101 19941231    23.7
19950101 19951231    22.1
19960101 19961231    22.4
19970101 19971231    24.1
19980101 19981231    22.9
19990101 19991231    23.0
20000101 20001231    22.5
20010101 20011231    23.6
20020101 20021231    24.4
20030101 20031231    23.5
20040101 20041231    23.6
20050101 20051231    23.9
20060101 20061231    25.0
20070101 20071231    24.1
20080101 20081231    23.2
20090101 20091231    24.4
20100101 20101231    22.6
20110101 20111231 99999.9
20120101 20121231 99999.9
