MAX TEMP   003032 19100101 20121231 missing_value=99999.9    DERBY AERO         
19100101 19101231    34.8
19110101 19111231    34.4
19120101 19121231    34.5
19130101 19131231    34.0
19140101 19141231    34.0
19150101 19151231    34.6
19160101 19161231    34.7
19170101 19171231    33.8
19180101 19181231    34.2
19190101 19191231    34.0
19200101 19201231    34.4
19210101 19211231    34.2
19220101 19221231    34.1
19230101 19231231    33.6
19240101 19241231    35.0
19250101 19251231    34.0
19260101 19261231    34.1
19270101 19271231    34.3
19280101 19281231    34.7
19290101 19291231    34.0
19300101 19301231    34.7
19310101 19311231    34.7
19320101 19321231    34.2
19330101 19331231    34.7
19340101 19341231    33.8
19350101 19351231    34.4
19360101 19361231    35.8
19370101 19371231    34.7
19380101 19381231    35.1
19390101 19391231    33.7
19400101 19401231    34.5
19410101 19411231    34.4
19420101 19421231    34.9
19430101 19431231    33.8
19440101 19441231    34.3
19450101 19451231    34.9
19460101 19461231    34.6
19470101 19471231    34.5
19480101 19481231    34.6
19490101 19491231    34.0
19500101 19501231    33.9
19510101 19511231    34.3
19520101 19521231    35.5
19530101 19531231    35.2
19540101 19541231    35.1
19550101 19551231    34.5
19560101 19561231    34.3
19570101 19571231    34.3
19580101 19581231    35.9
19590101 19591231    34.7
19600101 19601231    33.6
19610101 19611231    34.3
19620101 19621231    34.2
19630101 19631231    33.5
19640101 19641231    34.1
19650101 19651231    34.4
19660101 19661231    34.1
19670101 19671231    34.0
19680101 19681231    33.7
19690101 19691231    33.9
19700101 19701231    34.7
19710101 19711231    34.0
19720101 19721231    34.5
19730101 19731231    35.2
19740101 19741231    33.3
19750101 19751231    34.6
19760101 19761231    33.6
19770101 19771231    34.4
19780101 19781231    33.6
19790101 19791231    34.9
19800101 19801231    35.2
19810101 19811231    35.0
19820101 19821231    33.7
19830101 19831231    34.0
19840101 19841231    33.4
19850101 19851231    34.1
19860101 19861231    34.2
19870101 19871231    34.5
19880101 19881231    35.6
19890101 19891231    35.1
19900101 19901231    35.5
19910101 19911231    35.0
19920101 19921231    35.6
19930101 19931231    34.5
19940101 19941231    34.7
19950101 19951231    34.4
19960101 19961231    35.1
19970101 19971231    34.1
19980101 19981231    35.0
19990101 19991231    34.2
20000101 20001231    33.4
20010101 20011231    34.1
20020101 20021231    35.1
20030101 20031231    35.0
20040101 20041231    34.0
20050101 20051231    35.6
20060101 20061231    34.0
20070101 20071231    34.8
20080101 20081231    34.8
20090101 20091231    35.1
20100101 20101231    34.8
20110101 20111231    33.5
20120101 20121231    34.3
