MAX TEMP   016001 19500101 20121231 missing_value=99999.9    WOOMERA AERODROME  
19500101 19501231    25.4
19510101 19511231    26.1
19520101 19521231    24.8
19530101 19531231    25.8
19540101 19541231    25.1
19550101 19551231    24.5
19560101 19561231    24.2
19570101 19571231    26.1
19580101 19581231    24.4
19590101 19591231    25.9
19600101 19601231    24.6
19610101 19611231    25.9
19620101 19621231    25.5
19630101 19631231    25.4
19640101 19641231    25.0
19650101 19651231    26.4
19660101 19661231    24.8
19670101 19671231    25.9
19680101 19681231    25.1
19690101 19691231    25.2
19700101 19701231    25.3
19710101 19711231    25.1
19720101 19721231    26.0
19730101 19731231    25.5
19740101 19741231    24.6
19750101 19751231    25.8
19760101 19761231    25.1
19770101 19771231    26.6
19780101 19781231    25.0
19790101 19791231    25.9
19800101 19801231    26.8
19810101 19811231    26.2
19820101 19821231    26.3
19830101 19831231    26.1
19840101 19841231    25.0
19850101 19851231    25.5
19860101 19861231    25.2
19870101 19871231    25.4
19880101 19881231    26.1
19890101 19891231    24.7
19900101 19901231    26.2
19910101 19911231    26.9
19920101 19921231    24.6
19930101 19931231    26.1
19940101 19941231    26.6
19950101 19951231    25.6
19960101 19961231    26.0
19970101 19971231    25.9
19980101 19981231    25.4
19990101 19991231    26.2
20000101 20001231    26.2
20010101 20011231    25.8
20020101 20021231    26.8
20030101 20031231    26.5
20040101 20041231    26.5
20050101 20051231    27.0
20060101 20061231    26.8
20070101 20071231    27.1
20080101 20081231    26.1
20090101 20091231    27.0
20100101 20101231    25.5
20110101 20111231    26.3
20120101 20121231    26.5
