MAX TEMP   033002 19100101 20121231 missing_value=99999.9    AYR DPI RESEARCH ST
19100101 19101231    28.7
19110101 19111231    29.5
19120101 19121231    29.7
19130101 19131231    28.7
19140101 19141231    28.9
19150101 19151231    30.3
19160101 19161231    29.1
19170101 19171231    27.6
19180101 19181231    29.3
19190101 19191231    28.8
19200101 19201231    28.2
19210101 19211231    28.3
19220101 19221231    29.1
19230101 19231231    29.3
19240101 19241231    28.8
19250101 19251231    28.6
19260101 19261231    29.6
19270101 19271231    28.5
19280101 19281231    29.0
19290101 19291231    28.6
19300101 19301231    28.6
19310101 19311231    29.5
19320101 19321231    29.0
19330101 19331231    28.8
19340101 19341231    28.6
19350101 19351231    29.4
19360101 19361231    28.5
19370101 19371231    28.5
19380101 19381231    28.7
19390101 19391231    28.3
19400101 19401231    28.5
19410101 19411231    27.7
19420101 19421231    29.2
19430101 19431231    29.3
19440101 19441231    28.5
19450101 19451231    28.7
19460101 19461231    29.3
19470101 19471231    29.1
19480101 19481231    29.0
19490101 19491231    28.7
19500101 19501231    28.3
19510101 19511231    29.2
19520101 19521231    29.4
19530101 19531231    29.2
19540101 19541231    28.7
19550101 19551231    28.9
19560101 19561231    28.3
19570101 19571231    29.0
19580101 19581231    29.3
19590101 19591231    28.6
19600101 19601231    28.2
19610101 19611231    29.2
19620101 19621231    29.7
19630101 19631231    28.8
19640101 19641231    30.0
19650101 19651231    30.0
19660101 19661231    29.3
19670101 19671231    29.5
19680101 19681231    29.2
19690101 19691231    30.2
19700101 19701231    29.4
19710101 19711231    29.1
19720101 19721231    28.5
19730101 19731231    28.8
19740101 19741231    28.5
19750101 19751231    28.5
19760101 19761231    28.2
19770101 19771231    28.8
19780101 19781231    28.4
19790101 19791231    29.5
19800101 19801231    29.9
19810101 19811231    28.6
19820101 19821231    29.1
19830101 19831231    29.0
19840101 19841231    28.7
19850101 19851231    28.6
19860101 19861231    29.4
19870101 19871231    29.9
19880101 19881231    29.5
19890101 19891231    28.3
19900101 19901231    28.8
19910101 19911231    28.9
19920101 19921231    29.4
19930101 19931231    29.0
19940101 19941231    29.3
19950101 19951231    29.6
19960101 19961231    29.7
19970101 19971231    28.7
19980101 19981231    29.6
19990101 19991231    28.8
20000101 20001231    28.3
20010101 20011231    30.0
20020101 20021231    30.0
20030101 20031231    30.0
20040101 20041231 99999.9
20050101 20051231    30.0
20060101 20061231    29.0
20070101 20071231    28.8
20080101 20081231    29.0
20090101 20091231    29.4
20100101 20101231    28.9
20110101 20111231 99999.9
20120101 20121231    28.6
