MAX TEMP   007176 19160101 20121231 missing_value=99999.9    NEWMAN AERO        
19160101 19161231    31.5
19170101 19171231    30.7
19180101 19181231    31.8
19190101 19191231    32.0
19200101 19201231    30.8
19210101 19211231    31.8
19220101 19221231    31.9
19230101 19231231    32.2
19240101 19241231    32.4
19250101 19251231    30.8
19260101 19261231    32.0
19270101 19271231    31.4
19280101 19281231    32.9
19290101 19291231    31.3
19300101 19301231    31.3
19310101 19311231    29.3
19320101 19321231    31.9
19330101 19331231    30.7
19340101 19341231    30.6
19350101 19351231    31.7
19360101 19361231    32.8
19370101 19371231    31.5
19380101 19381231    32.2
19390101 19391231    31.1
19400101 19401231    32.7
19410101 19411231    31.5
19420101 19421231    29.8
19430101 19431231    31.6
19440101 19441231    32.4
19450101 19451231    32.0
19460101 19461231    30.9
19470101 19471231    30.6
19480101 19481231    31.0
19490101 19491231    31.0
19500101 19501231    31.9
19510101 19511231    32.0
19520101 19521231    30.6
19530101 19531231    31.0
19540101 19541231    30.8
19550101 19551231    29.6
19560101 19561231    31.0
19570101 19571231    31.6
19580101 19581231    30.7
19590101 19591231    31.8
19600101 19601231    30.4
19610101 19611231    31.7
19620101 19621231    31.6
19630101 19631231    30.8
19640101 19641231    30.8
19650101 19651231    31.2
19660101 19661231    30.7
19670101 19671231    31.2
19680101 19681231    29.6
19690101 19691231    31.9
19700101 19701231    31.8
19710101 19711231    31.2
19720101 19721231    32.6
19730101 19731231    31.4
19740101 19741231    30.7
19750101 19751231    30.6
19760101 19761231    31.8
19770101 19771231    32.8
19780101 19781231    31.3
19790101 19791231    31.8
19800101 19801231    31.9
19810101 19811231    32.2
19820101 19821231    31.9
19830101 19831231    32.4
19840101 19841231    31.6
19850101 19851231    32.7
19860101 19861231    32.1
19870101 19871231    32.0
19880101 19881231    32.5
19890101 19891231    31.8
19900101 19901231    32.0
19910101 19911231    33.1
19920101 19921231    31.4
19930101 19931231    31.4
19940101 19941231    33.1
19950101 19951231    31.0
19960101 19961231    32.9
19970101 19971231    31.7
19980101 19981231    32.5
19990101 19991231    30.9
20000101 20001231    30.4
20010101 20011231    30.9
20020101 20021231    32.5
20030101 20031231    32.0
20040101 20041231    31.5
20050101 20051231    33.4
20060101 20061231    31.7
20070101 20071231    32.9
20080101 20081231    32.4
20090101 20091231    32.5
20100101 20101231    32.7
20110101 20111231    31.3
20120101 20121231    31.7
