MAX TEMP   067105 19100101 20121231 missing_value=99999.9    RICHMOND RAAF      
19100101 19101231    23.7
19110101 19111231    23.7
19120101 19121231    24.4
19130101 19131231    24.7
19140101 19141231    24.4
19150101 19151231    24.8
19160101 19161231    23.9
19170101 19171231    23.5
19180101 19181231    23.7
19190101 19191231    24.9
19200101 19201231    23.2
19210101 19211231    23.4
19220101 19221231    24.3
19230101 19231231    24.4
19240101 19241231    23.8
19250101 19251231    23.4
19260101 19261231    24.5
19270101 19271231    23.2
19280101 19281231    24.4
19290101 19291231    23.6
19300101 19301231    23.8
19310101 19311231    23.6
19320101 19321231    23.8
19330101 19331231    22.9
19340101 19341231    23.0
19350101 19351231    23.6
19360101 19361231    23.7
19370101 19371231    23.4
19380101 19381231    24.2
19390101 19391231    24.2
19400101 19401231    25.3
19410101 19411231    23.8
19420101 19421231    23.8
19430101 19431231    22.3
19440101 19441231    24.5
19450101 19451231    23.2
19460101 19461231    24.2
19470101 19471231    23.3
19480101 19481231    23.1
19490101 19491231    22.5
19500101 19501231    22.3
19510101 19511231    23.3
19520101 19521231    23.6
19530101 19531231    23.9
19540101 19541231    22.7
19550101 19551231    23.2
19560101 19561231    22.8
19570101 19571231    24.7
19580101 19581231    23.9
19590101 19591231    23.3
19600101 19601231    23.1
19610101 19611231    23.2
19620101 19621231    23.0
19630101 19631231    22.8
19640101 19641231    23.9
19650101 19651231    24.1
19660101 19661231    23.3
19670101 19671231    23.2
19680101 19681231    24.1
19690101 19691231    23.4
19700101 19701231    23.3
19710101 19711231    23.3
19720101 19721231    23.3
19730101 19731231    24.0
19740101 19741231    23.0
19750101 19751231    24.0
19760101 19761231    23.3
19770101 19771231    24.6
19780101 19781231    23.4
19790101 19791231    24.7
19800101 19801231    25.4
19810101 19811231    23.8
19820101 19821231    24.4
19830101 19831231    23.8
19840101 19841231    23.2
19850101 19851231    23.5
19860101 19861231    23.8
19870101 19871231    23.7
19880101 19881231    23.9
19890101 19891231    23.1
19900101 19901231    23.7
19910101 19911231    25.0
19920101 19921231    22.9
19930101 19931231    24.0
19940101 19941231    24.3
19950101 19951231    23.4
19960101 19961231    23.6
19970101 19971231    24.5
19980101 19981231    24.1
19990101 19991231    23.1
20000101 20001231    23.6
20010101 20011231    23.9
20020101 20021231    24.9
20030101 20031231    24.0
20040101 20041231    24.9
20050101 20051231    24.8
20060101 20061231    24.4
20070101 20071231    23.7
20080101 20081231    22.8
20090101 20091231    24.7
20100101 20101231    23.7
20110101 20111231    23.4
20120101 20121231    24.0
