MAX TEMP   029063 19100101 20121231 missing_value=99999.9    NORMANTON AIRPORT  
19100101 19101231    33.7
19110101 19111231    33.0
19120101 19121231    33.6
19130101 19131231    32.7
19140101 19141231    33.6
19150101 19151231    35.2
19160101 19161231    33.3
19170101 19171231    32.4
19180101 19181231    32.9
19190101 19191231    32.8
19200101 19201231    32.9
19210101 19211231    32.6
19220101 19221231    32.6
19230101 19231231    32.9
19240101 19241231    33.2
19250101 19251231    32.7
19260101 19261231    34.6
19270101 19271231    33.6
19280101 19281231    34.1
19290101 19291231    33.1
19300101 19301231    33.2
19310101 19311231    34.5
19320101 19321231    33.7
19330101 19331231    33.6
19340101 19341231    33.7
19350101 19351231    34.0
19360101 19361231    33.1
19370101 19371231    33.5
19380101 19381231    34.0
19390101 19391231    32.2
19400101 19401231    32.8
19410101 19411231    32.2
19420101 19421231    34.1
19430101 19431231    33.4
19440101 19441231    32.7
19450101 19451231    33.5
19460101 19461231    33.4
19470101 19471231    32.9
19480101 19481231    33.3
19490101 19491231    32.5
19500101 19501231    31.9
19510101 19511231    32.7
19520101 19521231    34.3
19530101 19531231    33.4
19540101 19541231    32.7
19550101 19551231    33.4
19560101 19561231    32.2
19570101 19571231    33.2
19580101 19581231    33.7
19590101 19591231    33.2
19600101 19601231    33.1
19610101 19611231    33.6
19620101 19621231    33.6
19630101 19631231    33.1
19640101 19641231    33.3
19650101 19651231    33.2
19660101 19661231    33.4
19670101 19671231    33.2
19680101 19681231    33.4
19690101 19691231    33.5
19700101 19701231    33.6
19710101 19711231    33.4
19720101 19721231    32.5
19730101 19731231    33.5
19740101 19741231    32.1
19750101 19751231    32.4
19760101 19761231    32.4
19770101 19771231    32.4
19780101 19781231    33.6
19790101 19791231    32.7
19800101 19801231    33.7
19810101 19811231    32.9
19820101 19821231    33.1
19830101 19831231    33.6
19840101 19841231    32.8
19850101 19851231    33.2
19860101 19861231    34.0
19870101 19871231    33.6
19880101 19881231    34.5
19890101 19891231    33.1
19900101 19901231    33.6
19910101 19911231    33.1
19920101 19921231    34.0
19930101 19931231    33.3
19940101 19941231    33.5
19950101 19951231    33.7
19960101 19961231    33.8
19970101 19971231    33.0
19980101 19981231    33.6
19990101 19991231    33.0
20000101 20001231    32.7
20010101 20011231    33.9
20020101 20021231    34.0
20030101 20031231    34.2
20040101 20041231    33.6
20050101 20051231 99999.9
20060101 20061231    33.1
20070101 20071231 99999.9
20080101 20081231 99999.9
20090101 20091231    33.5
20100101 20101231    33.2
20110101 20111231    32.3
20120101 20121231    33.1
