MAX TEMP   055023 19100101 20121231 missing_value=99999.9    GUNNEDAH POOL      
19100101 19101231    26.5
19110101 19111231    26.6
19120101 19121231    27.6
19130101 19131231    27.0
19140101 19141231    28.2
19150101 19151231    27.2
19160101 19161231    26.4
19170101 19171231    24.7
19180101 19181231    25.6
19190101 19191231    27.9
19200101 19201231    24.4
19210101 19211231    25.7
19220101 19221231    27.0
19230101 19231231    27.3
19240101 19241231    26.6
19250101 19251231    26.9
19260101 19261231    26.7
19270101 19271231    26.5
19280101 19281231    25.1
19290101 19291231    25.6
19300101 19301231    27.0
19310101 19311231    25.7
19320101 19321231    26.8
19330101 19331231    25.8
19340101 19341231    24.1
19350101 19351231    26.0
19360101 19361231    25.8
19370101 19371231    26.0
19380101 19381231    26.7
19390101 19391231    25.7
19400101 19401231    27.3
19410101 19411231    25.8
19420101 19421231    26.0
19430101 19431231    24.7
19440101 19441231    25.8
19450101 19451231    25.1
19460101 19461231    25.2
19470101 19471231    24.1
19480101 19481231    24.7
19490101 19491231    24.7
19500101 19501231    24.5
19510101 19511231    25.6
19520101 19521231    25.1
19530101 19531231    25.2
19540101 19541231    25.4
19550101 19551231    24.2
19560101 19561231    23.3
19570101 19571231    26.5
19580101 19581231    25.6
19590101 19591231    24.7
19600101 19601231    24.7
19610101 19611231    25.3
19620101 19621231    24.7
19630101 19631231    24.4
19640101 19641231    22.5
19650101 19651231    25.9
19660101 19661231    24.4
19670101 19671231    24.5
19680101 19681231    24.2
19690101 19691231    24.0
19700101 19701231    24.0
19710101 19711231    23.7
19720101 19721231    24.3
19730101 19731231    24.5
19740101 19741231    23.8
19750101 19751231    24.6
19760101 19761231    23.9
19770101 19771231    25.0
19780101 19781231    23.7
19790101 19791231    26.1
19800101 19801231    26.2
19810101 19811231    25.1
19820101 19821231    25.6
19830101 19831231    24.2
19840101 19841231    23.7
19850101 19851231    24.2
19860101 19861231    24.7
19870101 19871231    24.6
19880101 19881231    24.7
19890101 19891231    23.7
19900101 19901231    24.8
19910101 19911231    25.2
19920101 19921231    24.2
19930101 19931231    25.3
19940101 19941231    25.7
19950101 19951231    24.6
19960101 19961231    24.4
19970101 19971231    25.6
19980101 19981231    25.1
19990101 19991231    24.8
20000101 20001231    25.1
20010101 20011231    25.4
20020101 20021231    26.9
20030101 20031231    25.6
20040101 20041231    25.9
20050101 20051231    26.3
20060101 20061231    26.6
20070101 20071231    26.0
20080101 20081231    24.8
20090101 20091231    26.6
20100101 20101231    24.8
20110101 20111231 99999.9
20120101 20121231 99999.9
