MAX TEMP   077094 19100101 20121231 missing_value=99999.9    SWAN HILL AERODROME
19100101 19101231    22.4
19110101 19111231    22.5
19120101 19121231    22.9
19130101 19131231    23.0
19140101 19141231    24.4
19150101 19151231    23.4
19160101 19161231    22.6
19170101 19171231    21.8
19180101 19181231    22.6
19190101 19191231    24.0
19200101 19201231    22.7
19210101 19211231    23.7
19220101 19221231    23.2
19230101 19231231    23.1
19240101 19241231    21.6
19250101 19251231    22.7
19260101 19261231    23.3
19270101 19271231    23.5
19280101 19281231    23.7
19290101 19291231    23.1
19300101 19301231    23.8
19310101 19311231    21.9
19320101 19321231    22.1
19330101 19331231    22.4
19340101 19341231    23.3
19350101 19351231    22.3
19360101 19361231    22.8
19370101 19371231    23.0
19380101 19381231    23.6
19390101 19391231    22.8
19400101 19401231    23.6
19410101 19411231    22.4
19420101 19421231    22.1
19430101 19431231    21.9
19440101 19441231    22.4
19450101 19451231    22.6
19460101 19461231    21.8
19470101 19471231    22.6
19480101 19481231    22.3
19490101 19491231    21.6
19500101 19501231    22.7
19510101 19511231    22.5
19520101 19521231    22.0
19530101 19531231    22.8
19540101 19541231    22.9
19550101 19551231    22.0
19560101 19561231    21.5
19570101 19571231    23.3
19580101 19581231    22.4
19590101 19591231    23.8
19600101 19601231    22.0
19610101 19611231    23.7
19620101 19621231    22.9
19630101 19631231    22.6
19640101 19641231    22.4
19650101 19651231    23.6
19660101 19661231    22.4
19670101 19671231    23.5
19680101 19681231    22.9
19690101 19691231    22.6
19700101 19701231    22.5
19710101 19711231    22.7
19720101 19721231    23.7
19730101 19731231    22.8
19740101 19741231    22.2
19750101 19751231    23.5
19760101 19761231    23.3
19770101 19771231    23.4
19780101 19781231    22.6
19790101 19791231    23.5
19800101 19801231    24.0
19810101 19811231    23.6
19820101 19821231    24.0
19830101 19831231    22.8
19840101 19841231    22.8
19850101 19851231    23.2
19860101 19861231    22.3
19870101 19871231    23.0
19880101 19881231    23.7
19890101 19891231    22.8
19900101 19901231    23.4
19910101 19911231    23.5
19920101 19921231    22.0
19930101 19931231    23.1
19940101 19941231    23.7
19950101 19951231    22.6
19960101 19961231    22.4
19970101 19971231    23.7
19980101 19981231    23.1
19990101 19991231    23.4
20000101 20001231    23.5
20010101 20011231    23.7
20020101 20021231    24.4
20030101 20031231    23.5
20040101 20041231    23.4
20050101 20051231    23.6
20060101 20061231    24.3
20070101 20071231    24.1
20080101 20081231    23.7
20090101 20091231    24.6
20100101 20101231    23.1
20110101 20111231    23.6
20120101 20121231    23.8
