MAX TEMP   015135 19110101 20121231 missing_value=99999.9    TENNANT CREEK AIRPO
19110101 19111231    32.0
19120101 19121231    32.6
19130101 19131231    31.3
19140101 19141231    32.3
19150101 19151231    33.0
19160101 19161231    31.8
19170101 19171231    31.3
19180101 19181231    31.8
19190101 19191231    31.7
19200101 19201231    31.3
19210101 19211231    30.9
19220101 19221231    31.4
19230101 19231231    31.4
19240101 19241231    31.7
19250101 19251231    31.4
19260101 19261231    32.3
19270101 19271231    31.9
19280101 19281231    33.3
19290101 19291231    31.5
19300101 19301231    31.3
19310101 19311231    32.3
19320101 19321231    31.5
19330101 19331231    31.2
19340101 19341231    32.1
19350101 19351231    32.1
19360101 19361231    32.1
19370101 19371231    31.9
19380101 19381231    32.5
19390101 19391231    30.2
19400101 19401231    31.6
19410101 19411231    30.8
19420101 19421231    33.2
19430101 19431231    32.7
19440101 19441231    31.6
19450101 19451231    32.2
19460101 19461231    31.5
19470101 19471231    32.2
19480101 19481231    32.4
19490101 19491231    31.1
19500101 19501231    31.0
19510101 19511231    32.4
19520101 19521231    32.7
19530101 19531231    31.8
19540101 19541231    32.3
19550101 19551231    32.2
19560101 19561231    31.1
19570101 19571231    31.9
19580101 19581231    33.2
19590101 19591231    32.8
19600101 19601231    32.0
19610101 19611231    32.5
19620101 19621231    31.9
19630101 19631231    31.9
19640101 19641231    32.2
19650101 19651231    32.0
19660101 19661231    31.1
19670101 19671231    31.1
19680101 19681231    31.1
19690101 19691231    31.8
19700101 19701231    32.1
19710101 19711231    31.8
19720101 19721231    32.2
19730101 19731231    32.2
19740101 19741231    30.2
19750101 19751231    30.9
19760101 19761231    30.5
19770101 19771231    30.4
19780101 19781231    30.9
19790101 19791231    32.2
19800101 19801231    33.2
19810101 19811231    32.0
19820101 19821231    31.2
19830101 19831231    31.9
19840101 19841231    31.0
19850101 19851231    32.4
19860101 19861231    32.8
19870101 19871231    31.8
19880101 19881231    33.0
19890101 19891231    31.7
19900101 19901231    32.9
19910101 19911231    32.3
19920101 19921231    32.9
19930101 19931231    31.2
19940101 19941231    32.1
19950101 19951231    32.1
19960101 19961231    32.8
19970101 19971231    31.3
19980101 19981231    32.9
19990101 19991231    32.0
20000101 20001231    30.4
20010101 20011231    30.6
20020101 20021231    32.6
20030101 20031231    31.8
20040101 20041231    32.0
20050101 20051231    33.1
20060101 20061231    31.3
20070101 20071231    32.0
20080101 20081231    32.8
20090101 20091231    32.4
20100101 20101231    30.7
20110101 20111231    30.2
20120101 20121231    31.7
