MAX TEMP   090171 19100101 20121231 missing_value=99999.9    CASHMORE AIRPORT   
19100101 19101231    17.2
19110101 19111231    16.6
19120101 19121231    17.0
19130101 19131231    16.7
19140101 19141231    17.4
19150101 19151231    16.4
19160101 19161231    17.2
19170101 19171231    16.0
19180101 19181231    16.6
19190101 19191231    17.0
19200101 19201231    16.9
19210101 19211231    17.5
19220101 19221231    16.7
19230101 19231231    16.7
19240101 19241231    15.9
19250101 19251231    16.5
19260101 19261231    17.0
19270101 19271231    16.4
19280101 19281231    16.8
19290101 19291231    15.8
19300101 19301231    17.0
19310101 19311231    15.9
19320101 19321231    16.4
19330101 19331231    16.4
19340101 19341231    17.5
19350101 19351231    16.6
19360101 19361231    16.5
19370101 19371231    17.0
19380101 19381231    17.5
19390101 19391231    16.6
19400101 19401231    16.9
19410101 19411231    17.0
19420101 19421231    17.2
19430101 19431231    16.3
19440101 19441231    16.7
19450101 19451231    16.7
19460101 19461231    16.1
19470101 19471231    17.4
19480101 19481231    16.8
19490101 19491231    16.3
19500101 19501231    17.4
19510101 19511231    17.4
19520101 19521231    16.5
19530101 19531231    17.2
19540101 19541231    16.9
19550101 19551231    16.8
19560101 19561231    16.8
19570101 19571231    17.2
19580101 19581231    16.7
19590101 19591231    17.6
19600101 19601231    16.9
19610101 19611231    18.1
19620101 19621231    17.4
19630101 19631231    17.2
19640101 19641231    16.5
19650101 19651231    17.3
19660101 19661231    17.2
19670101 19671231    17.8
19680101 19681231    17.4
19690101 19691231    17.0
19700101 19701231    17.1
19710101 19711231    17.3
19720101 19721231    17.6
19730101 19731231    17.7
19740101 19741231    17.5
19750101 19751231    17.5
19760101 19761231    17.0
19770101 19771231    17.2
19780101 19781231    17.0
19790101 19791231    17.5
19800101 19801231    17.9
19810101 19811231    17.8
19820101 19821231    17.9
19830101 19831231    17.5
19840101 19841231    17.3
19850101 19851231    17.5
19860101 19861231    17.1
19870101 19871231    17.5
19880101 19881231    18.1
19890101 19891231    17.5
19900101 19901231    17.9
19910101 19911231    17.2
19920101 19921231    16.9
19930101 19931231    17.8
19940101 19941231    17.3
19950101 19951231    16.6
19960101 19961231    16.7
19970101 19971231    17.5
19980101 19981231    17.2
19990101 19991231    17.9
20000101 20001231    18.1
20010101 20011231    17.7
20020101 20021231    17.7
20030101 20031231    17.3
20040101 20041231    17.2
20050101 20051231    18.2
20060101 20061231    17.6
20070101 20071231    18.3
20080101 20081231    17.4
20090101 20091231    18.1
20100101 20101231    17.5
20110101 20111231    17.7
20120101 20121231    18.4
