MAX TEMP   097072 19100101 20121231 missing_value=99999.9    STRAHAN AERODROME  
19100101 19101231    16.8
19110101 19111231    16.6
19120101 19121231    16.6
19130101 19131231    16.0
19140101 19141231    16.6
19150101 19151231    15.8
19160101 19161231    16.5
19170101 19171231    16.5
19180101 19181231    16.9
19190101 19191231    16.7
19200101 19201231    16.4
19210101 19211231    17.0
19220101 19221231    16.9
19230101 19231231    16.2
19240101 19241231    15.9
19250101 19251231    16.1
19260101 19261231    16.5
19270101 19271231    16.1
19280101 19281231    17.0
19290101 19291231    16.0
19300101 19301231    16.4
19310101 19311231    15.6
19320101 19321231    16.2
19330101 19331231    15.9
19340101 19341231    17.0
19350101 19351231    16.4
19360101 19361231    16.4
19370101 19371231    16.7
19380101 19381231    16.7
19390101 19391231    16.8
19400101 19401231    16.1
19410101 19411231    16.1
19420101 19421231    16.3
19430101 19431231    15.9
19440101 19441231    16.0
19450101 19451231    15.9
19460101 19461231    15.7
19470101 19471231    16.9
19480101 19481231    15.9
19490101 19491231    15.7
19500101 19501231    16.8
19510101 19511231    16.8
19520101 19521231    16.0
19530101 19531231    16.2
19540101 19541231    16.3
19550101 19551231    16.2
19560101 19561231    16.8
19570101 19571231    16.1
19580101 19581231    15.9
19590101 19591231    16.8
19600101 19601231    16.6
19610101 19611231    17.6
19620101 19621231    16.7
19630101 19631231    16.6
19640101 19641231    15.9
19650101 19651231    16.2
19660101 19661231    16.5
19670101 19671231    16.6
19680101 19681231    16.3
19690101 19691231    16.2
19700101 19701231    15.9
19710101 19711231    16.9
19720101 19721231    17.4
19730101 19731231    16.9
19740101 19741231    17.1
19750101 19751231    16.2
19760101 19761231    16.2
19770101 19771231    15.9
19780101 19781231    15.6
19790101 19791231    16.4
19800101 19801231    16.8
19810101 19811231    16.8
19820101 19821231    16.3
19830101 19831231    16.6
19840101 19841231    15.9
19850101 19851231    16.2
19860101 19861231    15.8
19870101 19871231    16.2
19880101 19881231    17.4
19890101 19891231    17.3
19900101 19901231    17.5
19910101 19911231    15.8
19920101 19921231    15.2
19930101 19931231    16.2
19940101 19941231    16.3
19950101 19951231    16.3
19960101 19961231    16.2
19970101 19971231    16.1
19980101 19981231    16.0
19990101 19991231    16.6
20000101 20001231    16.9
20010101 20011231    16.9
20020101 20021231    16.6
20030101 20031231    16.6
20040101 20041231    15.9
20050101 20051231    16.7
20060101 20061231    16.0
20070101 20071231    17.1
20080101 20081231    16.4
20090101 20091231    16.6
20100101 20101231    16.7
20110101 20111231    16.6
20120101 20121231    16.9
