MAX TEMP   052088 19100101 20121231 missing_value=99999.9    WALGETT AIRPORT AWS
19100101 19101231    26.3
19110101 19111231    26.5
19120101 19121231    27.4
19130101 19131231    26.3
19140101 19141231    27.8
19150101 19151231    27.2
19160101 19161231    25.6
19170101 19171231    25.6
19180101 19181231    26.5
19190101 19191231    28.0
19200101 19201231    25.5
19210101 19211231    26.4
19220101 19221231    27.1
19230101 19231231    27.2
19240101 19241231    25.6
19250101 19251231    26.4
19260101 19261231    27.1
19270101 19271231    27.1
19280101 19281231    27.7
19290101 19291231    26.7
19300101 19301231    26.3
19310101 19311231    26.0
19320101 19321231    27.4
19330101 19331231    26.7
19340101 19341231    26.6
19350101 19351231    27.0
19360101 19361231    26.9
19370101 19371231    27.5
19380101 19381231    28.2
19390101 19391231    26.5
19400101 19401231    28.4
19410101 19411231    26.9
19420101 19421231    27.3
19430101 19431231    26.7
19440101 19441231    27.6
19450101 19451231    27.2
19460101 19461231    27.5
19470101 19471231    25.6
19480101 19481231    26.3
19490101 19491231    26.0
19500101 19501231    25.2
19510101 19511231    27.2
19520101 19521231    27.6
19530101 19531231    27.3
19540101 19541231    26.6
19550101 19551231    26.0
19560101 19561231    24.8
19570101 19571231    28.5
19580101 19581231    27.1
19590101 19591231    26.6
19600101 19601231    25.5
19610101 19611231    27.7
19620101 19621231    26.7
19630101 19631231    26.1
19640101 19641231    26.3
19650101 19651231    27.8
19660101 19661231    26.3
19670101 19671231    26.9
19680101 19681231    26.3
19690101 19691231    26.8
19700101 19701231    26.0
19710101 19711231    26.2
19720101 19721231    27.6
19730101 19731231    27.3
19740101 19741231    26.3
19750101 19751231    26.7
19760101 19761231    25.7
19770101 19771231    27.1
19780101 19781231    25.6
19790101 19791231    27.8
19800101 19801231    28.1
19810101 19811231    26.9
19820101 19821231    27.5
19830101 19831231    26.1
19840101 19841231    25.7
19850101 19851231    26.2
19860101 19861231    27.2
19870101 19871231    27.3
19880101 19881231    27.7
19890101 19891231    26.4
19900101 19901231    27.0
19910101 19911231    27.5
19920101 19921231    26.5
19930101 19931231    27.4
19940101 19941231    27.2
19950101 19951231    26.2
19960101 19961231    26.4
19970101 19971231    27.9
19980101 19981231    26.5
19990101 19991231    26.6
20000101 20001231    26.8
20010101 20011231    27.9
20020101 20021231    29.2
20030101 20031231    27.8
20040101 20041231    27.8
20050101 20051231    28.6
20060101 20061231    28.7
20070101 20071231 99999.9
20080101 20081231    26.9
20090101 20091231    28.4
20100101 20101231    26.0
20110101 20111231    27.4
20120101 20121231 99999.9
