MAX TEMP   016098 19220101 20121231 missing_value=99999.9    TARCOOLA AERO      
19220101 19221231    26.7
19230101 19231231    27.1
19240101 19241231    25.4
19250101 19251231    26.3
19260101 19261231    27.0
19270101 19271231    26.5
19280101 19281231    27.1
19290101 19291231    25.3
19300101 19301231    27.0
19310101 19311231    25.3
19320101 19321231    25.9
19330101 19331231    26.0
19340101 19341231    26.7
19350101 19351231    26.0
19360101 19361231    26.3
19370101 19371231    26.3
19380101 19381231    26.4
19390101 19391231    26.2
19400101 19401231    26.7
19410101 19411231    25.9
19420101 19421231    26.3
19430101 19431231    26.0
19440101 19441231    26.7
19450101 19451231    25.4
19460101 19461231    25.6
19470101 19471231    26.3
19480101 19481231    26.5
19490101 19491231    25.3
19500101 19501231    26.2
19510101 19511231    26.7
19520101 19521231    25.2
19530101 19531231    26.5
19540101 19541231    26.0
19550101 19551231    25.5
19560101 19561231    24.9
19570101 19571231    26.7
19580101 19581231    25.4
19590101 19591231    26.7
19600101 19601231    25.5
19610101 19611231    27.1
19620101 19621231    26.7
19630101 19631231    26.6
19640101 19641231    25.7
19650101 19651231    27.0
19660101 19661231    25.4
19670101 19671231    26.7
19680101 19681231    25.7
19690101 19691231    26.1
19700101 19701231    26.3
19710101 19711231    26.1
19720101 19721231    27.0
19730101 19731231    26.5
19740101 19741231    25.7
19750101 19751231    26.7
19760101 19761231    26.1
19770101 19771231    27.4
19780101 19781231    26.3
19790101 19791231    26.7
19800101 19801231    27.3
19810101 19811231    27.1
19820101 19821231    27.5
19830101 19831231    26.9
19840101 19841231    26.2
19850101 19851231    26.9
19860101 19861231    26.8
19870101 19871231    27.0
19880101 19881231    27.3
19890101 19891231    26.1
19900101 19901231    27.2
19910101 19911231    28.1
19920101 19921231    25.5
19930101 19931231    27.2
19940101 19941231    27.9
19950101 19951231    26.8
19960101 19961231    27.5
19970101 19971231    27.6
19980101 19981231    26.8
19990101 19991231    27.3
20000101 20001231    27.5
20010101 20011231    26.8
20020101 20021231 99999.9
20030101 20031231    27.4
20040101 20041231    27.4
20050101 20051231    28.1
20060101 20061231    27.8
20070101 20071231 99999.9
20080101 20081231    27.4
20090101 20091231    28.0
20100101 20101231    26.7
20110101 20111231    27.3
20120101 20121231    28.0
