MAX TEMP   043091 19100101 20121231 missing_value=99999.9    ROMA AIRPORT       
19100101 19101231    26.6
19110101 19111231    26.7
19120101 19121231    28.0
19130101 19131231    27.3
19140101 19141231    27.9
19150101 19151231    28.0
19160101 19161231    26.2
19170101 19171231    25.2
19180101 19181231    26.6
19190101 19191231    28.1
19200101 19201231    26.1
19210101 19211231    26.4
19220101 19221231    27.7
19230101 19231231    27.9
19240101 19241231    26.2
19250101 19251231    27.2
19260101 19261231    28.2
19270101 19271231    26.6
19280101 19281231    27.4
19290101 19291231    26.8
19300101 19301231    26.3
19310101 19311231    26.8
19320101 19321231    27.1
19330101 19331231    26.4
19340101 19341231    26.3
19350101 19351231    27.1
19360101 19361231    27.0
19370101 19371231    27.0
19380101 19381231    27.9
19390101 19391231    26.8
19400101 19401231    28.1
19410101 19411231    26.5
19420101 19421231    27.1
19430101 19431231    26.3
19440101 19441231    27.2
19450101 19451231    27.1
19460101 19461231    28.1
19470101 19471231    26.2
19480101 19481231    26.7
19490101 19491231    26.5
19500101 19501231    25.2
19510101 19511231    27.4
19520101 19521231    26.9
19530101 19531231    26.5
19540101 19541231    25.6
19550101 19551231    26.5
19560101 19561231    25.6
19570101 19571231    28.8
19580101 19581231    28.2
19590101 19591231    27.5
19600101 19601231    26.7
19610101 19611231    26.7
19620101 19621231    26.8
19630101 19631231    26.4
19640101 19641231    26.9
19650101 19651231    27.7
19660101 19661231    26.7
19670101 19671231    27.0
19680101 19681231    26.6
19690101 19691231    27.2
19700101 19701231    26.9
19710101 19711231    27.0
19720101 19721231    27.8
19730101 19731231    26.8
19740101 19741231    25.7
19750101 19751231    26.9
19760101 19761231    26.2
19770101 19771231    27.1
19780101 19781231    25.4
19790101 19791231    27.7
19800101 19801231    28.1
19810101 19811231    27.0
19820101 19821231    27.3
19830101 19831231    26.3
19840101 19841231    26.0
19850101 19851231    26.9
19860101 19861231    27.3
19870101 19871231    27.6
19880101 19881231    27.4
19890101 19891231    26.1
19900101 19901231    27.2
19910101 19911231    28.6
19920101 19921231    27.4
19930101 19931231    28.0
19940101 19941231    27.2
19950101 19951231    27.3
19960101 19961231    27.4
19970101 19971231    27.8
19980101 19981231    27.7
19990101 19991231    27.1
20000101 20001231    26.8
20010101 20011231    28.2
20020101 20021231    28.8
20030101 20031231    27.8
20040101 20041231    28.2
20050101 20051231    29.0
20060101 20061231    28.5
20070101 20071231 99999.9
20080101 20081231    27.1
20090101 20091231    29.2
20100101 20101231    26.0
20110101 20111231    26.9
20120101 20121231    27.9
