MAX TEMP   036007 19130101 20121231 missing_value=99999.9    BARCALDINE POST OFF
19130101 19131231    29.6
19140101 19141231    31.0
19150101 19151231    32.4
19160101 19161231    30.5
19170101 19171231    29.2
19180101 19181231    30.8
19190101 19191231    31.8
19200101 19201231    29.9
19210101 19211231    29.4
19220101 19221231    30.8
19230101 19231231    31.4
19240101 19241231    29.8
19250101 19251231    30.7
19260101 19261231    32.2
19270101 19271231    31.3
19280101 19281231    30.8
19290101 19291231    31.0
19300101 19301231    29.7
19310101 19311231    30.7
19320101 19321231    30.7
19330101 19331231    30.0
19340101 19341231    30.2
19350101 19351231    31.4
19360101 19361231    30.3
19370101 19371231    31.8
19380101 19381231    31.9
19390101 19391231    30.5
19400101 19401231    31.5
19410101 19411231    29.5
19420101 19421231    31.6
19430101 19431231    30.9
19440101 19441231    30.9
19450101 19451231    31.0
19460101 19461231    31.5
19470101 19471231    30.4
19480101 19481231    31.3
19490101 19491231    29.7
19500101 19501231    28.4
19510101 19511231    30.7
19520101 19521231    31.3
19530101 19531231    31.1
19540101 19541231    29.5
19550101 19551231    29.9
19560101 19561231    29.0
19570101 19571231    31.7
19580101 19581231    31.3
19590101 19591231    30.7
19600101 19601231    30.2
19610101 19611231    30.4
19620101 19621231    30.8
19630101 19631231    29.9
19640101 19641231    31.1
19650101 19651231    31.5
19660101 19661231    30.4
19670101 19671231    30.6
19680101 19681231    30.1
19690101 19691231    31.0
19700101 19701231    30.8
19710101 19711231    30.2
19720101 19721231    30.6
19730101 19731231    30.7
19740101 19741231    29.4
19750101 19751231    30.2
19760101 19761231    29.9
19770101 19771231    30.8
19780101 19781231    29.3
19790101 19791231    31.0
19800101 19801231    31.2
19810101 19811231    30.4
19820101 19821231    31.2
19830101 19831231    30.3
19840101 19841231    30.1
19850101 19851231    30.0
19860101 19861231    31.1
19870101 19871231    30.4
19880101 19881231    30.9
19890101 19891231    29.6
19900101 19901231    29.6
19910101 19911231    31.0
19920101 19921231    30.7
19930101 19931231    30.8
19940101 19941231    30.6
19950101 19951231    31.0
19960101 19961231    30.6
19970101 19971231    30.1
19980101 19981231    30.5
19990101 19991231    30.0
20000101 20001231    29.1
20010101 20011231    30.2
20020101 20021231    31.6
20030101 20031231    31.1
20040101 20041231    30.8
20050101 20051231    31.3
20060101 20061231    30.5
20070101 20071231    30.1
20080101 20081231    29.9
20090101 20091231    30.9
20100101 20101231    28.6
20110101 20111231    29.5
20120101 20121231    30.0
