MAX TEMP   058130 19100101 20121231 missing_value=99999.9    GRAFTON OLYMPIC POO
19100101 19101231    25.6
19110101 19111231    25.8
19120101 19121231    25.9
19130101 19131231    25.3
19140101 19141231    25.7
19150101 19151231    26.6
19160101 19161231    25.4
19170101 19171231    24.6
19180101 19181231    25.1
19190101 19191231    25.9
19200101 19201231    24.2
19210101 19211231    25.4
19220101 19221231    26.1
19230101 19231231    25.9
19240101 19241231    25.6
19250101 19251231    24.5
19260101 19261231    26.5
19270101 19271231    26.2
19280101 19281231    25.7
19290101 19291231    25.3
19300101 19301231    25.8
19310101 19311231    25.8
19320101 19321231    25.6
19330101 19331231    25.2
19340101 19341231    25.0
19350101 19351231    25.9
19360101 19361231    26.1
19370101 19371231    25.8
19380101 19381231    26.1
19390101 19391231    25.4
19400101 19401231    25.0
19410101 19411231    25.5
19420101 19421231    25.7
19430101 19431231    25.2
19440101 19441231    25.7
19450101 19451231    25.8
19460101 19461231    26.4
19470101 19471231    24.9
19480101 19481231    25.1
19490101 19491231    25.3
19500101 19501231    24.5
19510101 19511231    25.7
19520101 19521231    26.0
19530101 19531231    26.0
19540101 19541231    25.0
19550101 19551231    25.6
19560101 19561231    25.0
19570101 19571231    27.0
19580101 19581231    26.1
19590101 19591231    26.2
19600101 19601231    25.4
19610101 19611231    26.2
19620101 19621231    25.6
19630101 19631231    25.6
19640101 19641231    25.5
19650101 19651231    26.5
19660101 19661231    25.6
19670101 19671231    25.3
19680101 19681231    26.1
19690101 19691231    25.8
19700101 19701231    26.4
19710101 19711231    25.1
19720101 19721231    25.2
19730101 19731231    26.4
19740101 19741231    24.8
19750101 19751231    25.1
19760101 19761231    24.8
19770101 19771231    25.9
19780101 19781231    25.1
19790101 19791231    25.7
19800101 19801231    26.5
19810101 19811231    25.7
19820101 19821231    25.5
19830101 19831231    25.2
19840101 19841231    25.0
19850101 19851231    25.2
19860101 19861231    26.1
19870101 19871231    25.8
19880101 19881231    25.8
19890101 19891231    25.0
19900101 19901231    25.7
19910101 19911231    26.8
19920101 19921231    25.5
19930101 19931231    26.3
19940101 19941231    26.4
19950101 19951231    26.1
19960101 19961231    25.9
19970101 19971231    26.1
19980101 19981231    26.6
19990101 19991231    24.9
20000101 20001231    25.9
20010101 20011231    26.1
20020101 20021231    27.3
20030101 20031231    25.9
20040101 20041231    26.9
20050101 20051231    26.8
20060101 20061231    25.9
20070101 20071231    26.0
20080101 20081231    25.5
20090101 20091231    26.7
20100101 20101231    25.7
20110101 20111231    25.5
20120101 20121231    25.9
