19100101 19101231    32.4
19110101 19111231    33.2
19120101 19121231    32.6
19130101 19131231    31.6
19140101 19141231    31.8
19150101 19151231    33.1
19160101 19161231    32.4
19170101 19171231    31.3
19180101 19181231    32.0
19190101 19191231    31.9
19200101 19201231    31.6
19210101 19211231    31.4
19220101 19221231    32.0
19230101 19231231    32.0
19240101 19241231    33.2
19250101 19251231    32.0
19260101 19261231    31.9
19270101 19271231    32.4
19280101 19281231    33.9
19290101 19291231    32.9
19300101 19301231    32.1
19310101 19311231    33.0
19320101 19321231    32.6
19330101 19331231    32.4
19340101 19341231    32.0
19350101 19351231    32.8
19360101 19361231    33.7
19370101 19371231    32.7
19380101 19381231    33.5
19390101 19391231    31.8
19400101 19401231    32.9
19410101 19411231    32.0
19420101 19421231    33.5
19430101 19431231    33.0
19440101 19441231    32.2
19450101 19451231    32.9
19460101 19461231    32.9
19470101 19471231    33.2
19480101 19481231    33.2
19490101 19491231    31.6
19500101 19501231    32.1
19510101 19511231    33.1
19520101 19521231    33.9
19530101 19531231    33.2
19540101 19541231    33.5
19550101 19551231    33.4
19560101 19561231    32.7
19570101 19571231    33.4
19580101 19581231    34.4
19590101 19591231    33.2
19600101 19601231    32.5
19610101 19611231    33.7
19620101 19621231    32.7
19630101 19631231    32.6
19640101 19641231    33.7
19650101 19651231    33.4
19660101 19661231    32.1
19670101 19671231    32.5
19680101 19681231    32.5
19690101 19691231    32.8
19700101 19701231    34.2
19710101 19711231    33.6
19720101 19721231    34.0
19730101 19731231    34.0
19740101 19741231    31.6
19750101 19751231    32.9
19760101 19761231    32.3
19770101 19771231    32.7
19780101 19781231    32.3
19790101 19791231    33.8
19800101 19801231    34.1
19810101 19811231    33.3
19820101 19821231    32.0
19830101 19831231    32.9
19840101 19841231    33.0
19850101 19851231    34.2
19860101 19861231    34.0
19870101 19871231    33.3
19880101 19881231    34.5
19890101 19891231    34.1
19900101 19901231    34.4
19910101 19911231    33.8
19920101 19921231    34.9
19930101 19931231    33.0
19940101 19941231    33.1
19950101 19951231    33.2
19960101 19961231    34.1
19970101 19971231    33.0
19980101 19981231    34.6
19990101 19991231    33.1
20000101 20001231    32.0
20010101 20011231    32.6
20020101 20021231    34.1
20030101 20031231    34.1
20040101 20041231    33.5
20050101 20051231    35.0
20060101 20061231    32.9
20070101 20071231    33.4
20080101 20081231    33.6
20090101 20091231    34.7
20100101 20101231    33.0
20110101 20111231    31.6
20120101 20121231    33.0
