MAX TEMP   009021 19100101 20121231 missing_value=99999.9    PERTH AIRPORT      
19100101 19101231    24.0
19110101 19111231    23.7
19120101 19121231    24.2
19130101 19131231    23.8
19140101 19141231    24.4
19150101 19151231    24.4
19160101 19161231    23.6
19170101 19171231    22.9
19180101 19181231    24.3
19190101 19191231    23.5
19200101 19201231    24.6
19210101 19211231    24.8
19220101 19221231    23.4
19230101 19231231    23.7
19240101 19241231    23.9
19250101 19251231    23.7
19260101 19261231    23.5
19270101 19271231    23.9
19280101 19281231    23.8
19290101 19291231    23.4
19300101 19301231    24.3
19310101 19311231    23.9
19320101 19321231    24.0
19330101 19331231    24.6
19340101 19341231    24.1
19350101 19351231    23.5
19360101 19361231    24.3
19370101 19371231    24.2
19380101 19381231    23.7
19390101 19391231    24.1
19400101 19401231    24.5
19410101 19411231    24.1
19420101 19421231    23.8
19430101 19431231    23.6
19440101 19441231    24.2
19450101 19451231    24.2
19460101 19461231    23.5
19470101 19471231    23.6
19480101 19481231    24.3
19490101 19491231    24.9
19500101 19501231    24.2
19510101 19511231    23.1
19520101 19521231    23.6
19530101 19531231    23.5
19540101 19541231    23.8
19550101 19551231    23.3
19560101 19561231    23.5
19570101 19571231    24.1
19580101 19581231    24.4
19590101 19591231    24.5
19600101 19601231    23.2
19610101 19611231    24.7
19620101 19621231    24.8
19630101 19631231    24.4
19640101 19641231    23.3
19650101 19651231    23.8
19660101 19661231    23.2
19670101 19671231    24.5
19680101 19681231    22.9
19690101 19691231    24.6
19700101 19701231    24.3
19710101 19711231    23.5
19720101 19721231    25.2
19730101 19731231    23.7
19740101 19741231    24.3
19750101 19751231    24.3
19760101 19761231    24.9
19770101 19771231    24.9
19780101 19781231    25.5
19790101 19791231    24.2
19800101 19801231    24.0
19810101 19811231    23.8
19820101 19821231    24.1
19830101 19831231    24.8
19840101 19841231    23.8
19850101 19851231    24.8
19860101 19861231    23.5
19870101 19871231    24.6
19880101 19881231    25.1
19890101 19891231    24.5
19900101 19901231    24.0
19910101 19911231    24.6
19920101 19921231    23.4
19930101 19931231    23.8
19940101 19941231    25.3
19950101 19951231    24.6
19960101 19961231    25.0
19970101 19971231    24.9
19980101 19981231    25.2
19990101 19991231    25.6
20000101 20001231    25.2
20010101 20011231    24.8
20020101 20021231    25.2
20030101 20031231    25.3
20040101 20041231    25.2
20050101 20051231    24.2
20060101 20061231    25.4
20070101 20071231    25.0
20080101 20081231    24.8
20090101 20091231    25.5
20100101 20101231    26.0
20110101 20111231    26.1
20120101 20121231    25.7
