MAX TEMP   039083 19100101 20121231 missing_value=99999.9    ROCKHAMPTON AERO   
19100101 19101231    27.8
19110101 19111231    28.3
19120101 19121231    28.5
19130101 19131231    28.0
19140101 19141231    28.4
19150101 19151231    29.5
19160101 19161231    28.1
19170101 19171231    27.0
19180101 19181231    27.7
19190101 19191231    28.5
19200101 19201231    28.0
19210101 19211231    27.2
19220101 19221231    28.7
19230101 19231231    28.9
19240101 19241231    28.0
19250101 19251231    28.1
19260101 19261231    29.4
19270101 19271231    27.3
19280101 19281231    27.7
19290101 19291231    28.1
19300101 19301231    27.2
19310101 19311231    28.5
19320101 19321231    28.5
19330101 19331231    27.5
19340101 19341231    27.5
19350101 19351231    28.6
19360101 19361231    27.9
19370101 19371231    28.1
19380101 19381231    28.1
19390101 19391231    27.5
19400101 19401231    28.4
19410101 19411231    27.3
19420101 19421231    28.0
19430101 19431231    28.1
19440101 19441231    28.3
19450101 19451231    28.3
19460101 19461231    29.1
19470101 19471231    28.1
19480101 19481231    28.7
19490101 19491231    28.1
19500101 19501231    27.1
19510101 19511231    28.8
19520101 19521231    28.3
19530101 19531231    28.3
19540101 19541231    27.6
19550101 19551231    27.8
19560101 19561231    27.4
19570101 19571231    29.0
19580101 19581231    28.4
19590101 19591231    27.8
19600101 19601231    27.7
19610101 19611231    27.7
19620101 19621231    28.7
19630101 19631231    27.8
19640101 19641231    28.4
19650101 19651231    28.4
19660101 19661231    27.9
19670101 19671231    27.9
19680101 19681231    27.8
19690101 19691231    28.5
19700101 19701231    28.5
19710101 19711231    28.2
19720101 19721231    28.5
19730101 19731231    28.2
19740101 19741231    27.8
19750101 19751231    28.1
19760101 19761231    27.9
19770101 19771231    27.9
19780101 19781231    27.4
19790101 19791231    28.5
19800101 19801231    28.7
19810101 19811231    28.0
19820101 19821231    28.5
19830101 19831231    27.7
19840101 19841231    27.9
19850101 19851231    28.1
19860101 19861231    28.2
19870101 19871231    28.9
19880101 19881231    28.6
19890101 19891231    27.6
19900101 19901231    28.3
19910101 19911231    29.0
19920101 19921231    28.6
19930101 19931231    28.6
19940101 19941231    28.9
19950101 19951231    28.7
19960101 19961231    28.8
19970101 19971231    28.3
19980101 19981231    28.9
19990101 19991231    28.5
20000101 20001231    27.9
20010101 20011231    29.4
20020101 20021231    29.7
20030101 20031231    29.1
20040101 20041231    29.8
20050101 20051231    29.5
20060101 20061231    28.8
20070101 20071231    28.5
20080101 20081231    28.2
20090101 20091231    29.9
20100101 20101231    27.7
20110101 20111231    27.9
20120101 20121231    28.3
