MAX TEMP   066062 19100101 20101231 missing_value=99999.9    SYDNEY (OBSERVATORY
19100101 19101231    22.0
19110101 19111231    22.0
19120101 19121231    22.1
19130101 19131231    22.3
19140101 19141231    22.7
19150101 19151231    22.5
19160101 19161231    21.8
19170101 19171231    21.7
19180101 19181231    22.5
19190101 19191231    22.6
19200101 19201231    21.7
19210101 19211231    22.3
19220101 19221231    22.5
19230101 19231231    22.4
19240101 19241231    21.8
19250101 19251231    21.4
19260101 19261231    22.5
19270101 19271231    21.2
19280101 19281231    22.4
19290101 19291231    21.4
19300101 19301231    21.8
19310101 19311231    22.0
19320101 19321231    21.9
19330101 19331231    21.3
19340101 19341231    21.6
19350101 19351231    22.1
19360101 19361231    22.1
19370101 19371231    22.0
19380101 19381231    22.5
19390101 19391231    22.3
19400101 19401231    22.6
19410101 19411231    21.9
19420101 19421231    22.1
19430101 19431231    21.0
19440101 19441231    22.0
19450101 19451231    21.8
19460101 19461231    22.2
19470101 19471231    22.0
19480101 19481231    21.3
19490101 19491231    21.3
19500101 19501231    21.4
19510101 19511231    21.8
19520101 19521231    21.5
19530101 19531231    21.7
19540101 19541231    21.6
19550101 19551231    21.8
19560101 19561231    21.6
19570101 19571231    22.1
19580101 19581231    22.2
19590101 19591231    21.8
19600101 19601231    21.6
19610101 19611231    21.8
19620101 19621231    21.9
19630101 19631231    21.7
19640101 19641231    22.3
19650101 19651231    22.0
19660101 19661231    21.6
19670101 19671231    21.7
19680101 19681231    22.5
19690101 19691231    22.1
19700101 19701231    22.0
19710101 19711231    21.9
19720101 19721231    21.9
19730101 19731231    22.7
19740101 19741231    21.7
19750101 19751231    22.4
19760101 19761231    22.1
19770101 19771231    22.7
19780101 19781231    21.8
19790101 19791231    22.4
19800101 19801231    23.0
19810101 19811231    22.1
19820101 19821231    22.2
19830101 19831231    22.2
19840101 19841231    21.9
19850101 19851231    22.0
19860101 19861231    22.2
19870101 19871231    22.2
19880101 19881231    22.8
19890101 19891231    22.1
19900101 19901231    22.3
19910101 19911231    22.8
19920101 19921231    21.5
19930101 19931231    22.2
19940101 19941231    22.5
19950101 19951231    21.8
19960101 19961231    22.1
19970101 19971231    22.4
19980101 19981231    22.7
19990101 19991231    22.1
20000101 20001231    22.7
20010101 20011231    23.1
20020101 20021231    23.0
20030101 20031231    22.7
20040101 20041231    23.4
20050101 20051231    23.4
20060101 20061231    23.1
20070101 20071231    22.7
20080101 20081231    22.1
20090101 20091231    22.9
20100101 20101231    22.6
