MAX TEMP   009519 19100101 20121231 missing_value=99999.9    CAPE NATURALISTE   
19100101 19101231    20.7
19110101 19111231    20.5
19120101 19121231    20.7
19130101 19131231    20.5
19140101 19141231    20.7
19150101 19151231    21.4
19160101 19161231    20.6
19170101 19171231    20.1
19180101 19181231    21.0
19190101 19191231    20.4
19200101 19201231    20.9
19210101 19211231    21.5
19220101 19221231    20.4
19230101 19231231    20.3
19240101 19241231    20.6
19250101 19251231    21.0
19260101 19261231    20.4
19270101 19271231    20.8
19280101 19281231    20.7
19290101 19291231    20.4
19300101 19301231    21.3
19310101 19311231    20.8
19320101 19321231    20.6
19330101 19331231    21.3
19340101 19341231    21.3
19350101 19351231    20.5
19360101 19361231    21.1
19370101 19371231    21.2
19380101 19381231    20.9
19390101 19391231    21.1
19400101 19401231    21.3
19410101 19411231    21.4
19420101 19421231    21.0
19430101 19431231    20.5
19440101 19441231    20.9
19450101 19451231    21.1
19460101 19461231    20.6
19470101 19471231    20.7
19480101 19481231    21.8
19490101 19491231    21.9
19500101 19501231    21.4
19510101 19511231    20.6
19520101 19521231    21.0
19530101 19531231    20.7
19540101 19541231    21.4
19550101 19551231    20.9
19560101 19561231    20.9
19570101 19571231    21.2
19580101 19581231    21.5
19590101 19591231    21.4
19600101 19601231    20.2
19610101 19611231    21.8
19620101 19621231    22.0
19630101 19631231    21.8
19640101 19641231    20.0
19650101 19651231    20.5
19660101 19661231    20.5
19670101 19671231    21.3
19680101 19681231    19.9
19690101 19691231    21.0
19700101 19701231    20.8
19710101 19711231    20.3
19720101 19721231    22.6
19730101 19731231    20.8
19740101 19741231    21.0
19750101 19751231    21.3
19760101 19761231    21.6
19770101 19771231    21.7
19780101 19781231    22.2
19790101 19791231    20.9
19800101 19801231    20.7
19810101 19811231    20.6
19820101 19821231    21.0
19830101 19831231    21.8
19840101 19841231    20.8
19850101 19851231    21.3
19860101 19861231    20.3
19870101 19871231    20.8
19880101 19881231    21.5
19890101 19891231    21.2
19900101 19901231    20.5
19910101 19911231    21.1
19920101 19921231    20.9
19930101 19931231    20.5
19940101 19941231    21.8
19950101 19951231    21.6
19960101 19961231    21.7
19970101 19971231    21.8
19980101 19981231    21.5
19990101 19991231    22.6
20000101 20001231    22.1
20010101 20011231    21.7
20020101 20021231 99999.9
20030101 20031231    22.3
20040101 20041231    22.1
20050101 20051231 99999.9
20060101 20061231    22.2
20070101 20071231    21.8
20080101 20081231    22.0
20090101 20091231    21.9
20100101 20101231    22.0
20110101 20111231    22.8
20120101 20121231    22.6
