MIN TEMP   010092 19130101 20121231 missing_value=99999.9    MERREDIN           
19130101 19131231     9.8
19140101 19141231    10.7
19150101 19151231    12.3
19160101 19161231    10.4
19170101 19171231    10.3
19180101 19181231    11.9
19190101 19191231    10.7
19200101 19201231    11.0
19210101 19211231    11.6
19220101 19221231    10.7
19230101 19231231    11.5
19240101 19241231    10.7
19250101 19251231    10.9
19260101 19261231    10.8
19270101 19271231    10.8
19280101 19281231    10.6
19290101 19291231    10.4
19300101 19301231    11.6
19310101 19311231    10.2
19320101 19321231    10.8
19330101 19331231    10.7
19340101 19341231    10.8
19350101 19351231    10.5
19360101 19361231    11.2
19370101 19371231    10.8
19380101 19381231    11.2
19390101 19391231    10.9
19400101 19401231    10.8
19410101 19411231    11.0
19420101 19421231    10.3
19430101 19431231    10.2
19440101 19441231    10.3
19450101 19451231    11.4
19460101 19461231    10.6
19470101 19471231    10.3
19480101 19481231    10.9
19490101 19491231    10.9
19500101 19501231    10.2
19510101 19511231    10.6
19520101 19521231    10.0
19530101 19531231    10.3
19540101 19541231    10.2
19550101 19551231    10.7
19560101 19561231    10.0
19570101 19571231    11.1
19580101 19581231    11.0
19590101 19591231    11.6
19600101 19601231     9.5
19610101 19611231    10.8
19620101 19621231    10.8
19630101 19631231    11.8
19640101 19641231    10.0
19650101 19651231    11.4
19660101 19661231    10.4
19670101 19671231    11.4
19680101 19681231     9.9
19690101 19691231    11.0
19700101 19701231    11.1
19710101 19711231    10.4
19720101 19721231    11.5
19730101 19731231    10.7
19740101 19741231    10.8
19750101 19751231    11.1
19760101 19761231    11.7
19770101 19771231    12.1
19780101 19781231    12.6
19790101 19791231    11.5
19800101 19801231    11.7
19810101 19811231    11.2
19820101 19821231    11.4
19830101 19831231    11.9
19840101 19841231    10.9
19850101 19851231    11.9
19860101 19861231    10.6
19870101 19871231    11.4
19880101 19881231    11.7
19890101 19891231    11.1
19900101 19901231    10.9
19910101 19911231    12.0
19920101 19921231    11.7
19930101 19931231    11.1
19940101 19941231    11.2
19950101 19951231    11.5
19960101 19961231    11.6
19970101 19971231    11.6
19980101 19981231    11.9
19990101 19991231    11.9
20000101 20001231    11.2
20010101 20011231    10.7
20020101 20021231    11.4
20030101 20031231    11.9
20040101 20041231    11.4
20050101 20051231    11.0
20060101 20061231    11.3
20070101 20071231    11.0
20080101 20081231    11.5
20090101 20091231    11.6
20100101 20101231    11.4
20110101 20111231    12.5
20120101 20121231    11.9
