MIN TEMP   034084 19100101 20121231 missing_value=99999.9    CHARTERS TOWERS AIR
19100101 19101231    16.7
19110101 19111231    15.4
19120101 19121231    17.1
19130101 19131231    15.9
19140101 19141231    17.8
19150101 19151231    17.8
19160101 19161231    15.3
19170101 19171231    16.1
19180101 19181231    16.1
19190101 19191231    16.5
19200101 19201231    17.2
19210101 19211231    17.2
19220101 19221231    16.9
19230101 19231231    15.7
19240101 19241231    16.6
19250101 19251231    16.3
19260101 19261231    16.7
19270101 19271231    16.5
19280101 19281231    16.7
19290101 19291231    16.1
19300101 19301231    16.4
19310101 19311231    17.5
19320101 19321231    16.6
19330101 19331231    17.2
19340101 19341231    16.7
19350101 19351231    17.2
19360101 19361231    17.1
19370101 19371231    16.6
19380101 19381231    17.1
19390101 19391231    16.5
19400101 19401231    16.5
19410101 19411231    15.8
19420101 19421231    17.1
19430101 19431231    16.6
19440101 19441231    16.1
19450101 19451231    16.6
19460101 19461231    15.4
19470101 19471231    17.0
19480101 19481231    17.0
19490101 19491231    16.6
19500101 19501231    16.9
19510101 19511231    16.4
19520101 19521231    17.7
19530101 19531231    17.0
19540101 19541231    16.6
19550101 19551231    17.4
19560101 19561231    16.9
19570101 19571231    16.6
19580101 19581231    17.3
19590101 19591231    17.0
19600101 19601231    16.7
19610101 19611231    16.3
19620101 19621231    17.5
19630101 19631231    16.8
19640101 19641231    17.9
19650101 19651231    16.7
19660101 19661231    17.2
19670101 19671231    16.8
19680101 19681231    16.9
19690101 19691231    17.4
19700101 19701231    17.3
19710101 19711231    17.2
19720101 19721231    16.6
19730101 19731231    18.9
19740101 19741231    17.1
19750101 19751231    17.9
19760101 19761231    17.2
19770101 19771231    17.2
19780101 19781231    17.1
19790101 19791231    17.3
19800101 19801231    17.4
19810101 19811231    17.6
19820101 19821231    16.8
19830101 19831231    18.4
19840101 19841231    17.8
19850101 19851231    17.8
19860101 19861231    18.4
19870101 19871231    18.7
19880101 19881231    18.4
19890101 19891231    17.6
19900101 19901231    17.6
19910101 19911231    17.4
19920101 19921231    17.5
19930101 19931231    18.1
19940101 19941231    17.6
19950101 19951231    18.5
19960101 19961231    18.3
19970101 19971231    17.8
19980101 19981231    18.5
19990101 19991231    17.3
20000101 20001231    16.9
20010101 20011231    17.2
20020101 20021231    17.3
20030101 20031231    18.0
20040101 20041231    17.6
20050101 20051231    17.9
20060101 20061231 99999.9
20070101 20071231    17.5
20080101 20081231    17.4
20090101 20091231    17.1
20100101 20101231    18.3
20110101 20111231    16.3
20120101 20121231    16.6
