MIN TEMP   052088 19100101 20121231 missing_value=99999.9    WALGETT AIRPORT AWS
19100101 19101231    11.3
19110101 19111231    10.7
19120101 19121231    11.1
19130101 19131231    11.0
19140101 19141231    12.4
19150101 19151231    11.6
19160101 19161231    11.0
19170101 19171231    10.6
19180101 19181231    10.8
19190101 19191231    11.7
19200101 19201231    11.1
19210101 19211231    11.8
19220101 19221231    10.5
19230101 19231231    11.5
19240101 19241231    11.0
19250101 19251231    11.2
19260101 19261231    12.0
19270101 19271231    10.3
19280101 19281231    12.3
19290101 19291231    11.4
19300101 19301231    12.4
19310101 19311231    11.2
19320101 19321231    12.0
19330101 19331231    12.3
19340101 19341231    11.8
19350101 19351231    11.2
19360101 19361231    11.8
19370101 19371231    11.7
19380101 19381231    13.1
19390101 19391231    12.7
19400101 19401231    12.1
19410101 19411231    12.3
19420101 19421231    13.1
19430101 19431231    11.3
19440101 19441231    12.2
19450101 19451231    12.2
19460101 19461231    11.7
19470101 19471231    11.9
19480101 19481231    11.5
19490101 19491231    11.3
19500101 19501231    13.2
19510101 19511231    10.9
19520101 19521231    12.1
19530101 19531231    12.0
19540101 19541231    12.1
19550101 19551231    12.4
19560101 19561231    11.5
19570101 19571231    11.5
19580101 19581231    12.9
19590101 19591231    11.9
19600101 19601231    11.8
19610101 19611231    11.8
19620101 19621231    11.5
19630101 19631231    12.3
19640101 19641231    11.7
19650101 19651231    12.7
19660101 19661231    12.0
19670101 19671231    12.6
19680101 19681231    12.4
19690101 19691231    13.0
19700101 19701231    11.4
19710101 19711231    11.4
19720101 19721231    11.6
19730101 19731231    13.8
19740101 19741231    12.2
19750101 19751231    12.5
19760101 19761231    11.6
19770101 19771231    12.6
19780101 19781231    12.8
19790101 19791231    13.1
19800101 19801231    13.1
19810101 19811231    13.3
19820101 19821231    12.7
19830101 19831231    13.9
19840101 19841231    13.0
19850101 19851231    12.9
19860101 19861231    12.4
19870101 19871231    12.8
19880101 19881231    13.1
19890101 19891231    12.7
19900101 19901231    12.7
19910101 19911231    12.8
19920101 19921231    12.2
19930101 19931231    12.6
19940101 19941231    11.4
19950101 19951231    12.3
19960101 19961231    12.1
19970101 19971231    12.1
19980101 19981231    12.6
19990101 19991231    11.5
20000101 20001231    11.6
20010101 20011231    11.3
20020101 20021231    11.5
20030101 20031231    12.1
20040101 20041231    11.5
20050101 20051231    12.2
20060101 20061231    12.1
20070101 20071231 99999.9
20080101 20081231    11.1
20090101 20091231    12.4
20100101 20101231    11.6
20110101 20111231    11.7
20120101 20121231 99999.9
