MIN TEMP   058130 19100101 20121231 missing_value=99999.9    GRAFTON OLYMPIC POO
19100101 19101231    11.9
19110101 19111231    12.2
19120101 19121231    12.7
19130101 19131231    12.5
19140101 19141231    13.6
19150101 19151231    12.7
19160101 19161231    13.3
19170101 19171231    11.9
19180101 19181231    11.9
19190101 19191231    13.2
19200101 19201231    12.0
19210101 19211231    13.5
19220101 19221231    12.5
19230101 19231231    12.0
19240101 19241231    12.4
19250101 19251231    12.0
19260101 19261231    12.6
19270101 19271231    11.6
19280101 19281231    12.6
19290101 19291231    12.0
19300101 19301231    12.7
19310101 19311231    11.7
19320101 19321231    12.5
19330101 19331231    11.5
19340101 19341231    12.0
19350101 19351231    11.6
19360101 19361231    12.2
19370101 19371231    12.3
19380101 19381231    12.8
19390101 19391231    12.3
19400101 19401231    11.4
19410101 19411231    11.9
19420101 19421231    12.5
19430101 19431231    11.7
19440101 19441231    12.0
19450101 19451231    12.7
19460101 19461231    11.9
19470101 19471231    12.4
19480101 19481231    12.0
19490101 19491231    12.4
19500101 19501231    14.0
19510101 19511231    12.1
19520101 19521231    12.5
19530101 19531231    11.7
19540101 19541231    13.6
19550101 19551231    13.2
19560101 19561231    12.3
19570101 19571231    12.4
19580101 19581231    13.2
19590101 19591231    12.9
19600101 19601231    12.0
19610101 19611231    12.2
19620101 19621231    12.1
19630101 19631231    12.8
19640101 19641231    12.2
19650101 19651231    12.0
19660101 19661231    11.9
19670101 19671231    12.9
19680101 19681231    12.9
19690101 19691231    13.1
19700101 19701231    11.9
19710101 19711231    12.8
19720101 19721231    12.9
19730101 19731231    14.7
19740101 19741231    13.3
19750101 19751231    13.5
19760101 19761231    13.7
19770101 19771231    13.4
19780101 19781231    13.3
19790101 19791231    13.6
19800101 19801231    13.7
19810101 19811231    13.8
19820101 19821231    13.4
19830101 19831231    14.1
19840101 19841231    13.3
19850101 19851231    13.5
19860101 19861231    13.1
19870101 19871231    14.1
19880101 19881231    14.3
19890101 19891231    13.8
19900101 19901231    14.1
19910101 19911231    13.7
19920101 19921231    13.5
19930101 19931231    13.9
19940101 19941231    12.9
19950101 19951231    13.7
19960101 19961231    13.6
19970101 19971231    14.0
19980101 19981231    14.9
19990101 19991231    14.3
20000101 20001231    13.8
20010101 20011231    13.9
20020101 20021231    13.6
20030101 20031231    13.8
20040101 20041231    13.7
20050101 20051231    14.4
20060101 20061231    13.8
20070101 20071231    14.0
20080101 20081231    13.5
20090101 20091231    14.3
20100101 20101231    14.5
20110101 20111231    13.9
20120101 20121231    13.7
