MIN TEMP   018012 19100101 20121231 missing_value=99999.9    CEDUNA AMO         
19100101 19101231     9.7
19110101 19111231     9.9
19120101 19121231    10.3
19130101 19131231     9.5
19140101 19141231    10.4
19150101 19151231    10.1
19160101 19161231     9.6
19170101 19171231     9.7
19180101 19181231     9.9
19190101 19191231    10.4
19200101 19201231     9.8
19210101 19211231    10.5
19220101 19221231     9.9
19230101 19231231    10.3
19240101 19241231     9.3
19250101 19251231     9.7
19260101 19261231     9.7
19270101 19271231     9.5
19280101 19281231     9.7
19290101 19291231     9.3
19300101 19301231    10.2
19310101 19311231     9.4
19320101 19321231     9.8
19330101 19331231     9.4
19340101 19341231    10.2
19350101 19351231    10.1
19360101 19361231     9.6
19370101 19371231     9.6
19380101 19381231     9.7
19390101 19391231    10.3
19400101 19401231     9.4
19410101 19411231     9.9
19420101 19421231    10.5
19430101 19431231     9.1
19440101 19441231     9.6
19450101 19451231     9.4
19460101 19461231     9.8
19470101 19471231    10.5
19480101 19481231     9.2
19490101 19491231     9.5
19500101 19501231     9.9
19510101 19511231    10.8
19520101 19521231     9.3
19530101 19531231     9.7
19540101 19541231     9.8
19550101 19551231    10.5
19560101 19561231     9.9
19570101 19571231     9.7
19580101 19581231     9.8
19590101 19591231     9.9
19600101 19601231     9.9
19610101 19611231    10.2
19620101 19621231     9.9
19630101 19631231    10.5
19640101 19641231     9.9
19650101 19651231    10.7
19660101 19661231    10.4
19670101 19671231     9.9
19680101 19681231    10.8
19690101 19691231     9.7
19700101 19701231     9.7
19710101 19711231    10.1
19720101 19721231     9.9
19730101 19731231    11.2
19740101 19741231    10.9
19750101 19751231    10.8
19760101 19761231     9.8
19770101 19771231    10.3
19780101 19781231    10.1
19790101 19791231    10.5
19800101 19801231    10.3
19810101 19811231    10.8
19820101 19821231    10.6
19830101 19831231    10.4
19840101 19841231    10.0
19850101 19851231    10.3
19860101 19861231    10.1
19870101 19871231    10.0
19880101 19881231    10.8
19890101 19891231    10.7
19900101 19901231    11.1
19910101 19911231    10.8
19920101 19921231    10.6
19930101 19931231    10.4
19940101 19941231    10.1
19950101 19951231    10.7
19960101 19961231    10.0
19970101 19971231    10.3
19980101 19981231    10.4
19990101 19991231    10.8
20000101 20001231    11.3
20010101 20011231    10.7
20020101 20021231    10.3
20030101 20031231    10.8
20040101 20041231    10.8
20050101 20051231    10.7
20060101 20061231    10.4
20070101 20071231    10.6
20080101 20081231    10.8
20090101 20091231    11.3
20100101 20101231    11.0
20110101 20111231    11.3
20120101 20121231    10.5
