MIN TEMP   014015 19100101 20121231 missing_value=99999.9    DARWIN AIRPORT     
19100101 19101231    21.7
19110101 19111231    21.2
19120101 19121231    21.5
19130101 19131231    20.9
19140101 19141231    21.3
19150101 19151231    22.1
19160101 19161231    21.8
19170101 19171231    21.4
19180101 19181231    21.2
19190101 19191231    21.0
19200101 19201231    22.1
19210101 19211231    21.6
19220101 19221231    21.0
19230101 19231231    20.7
19240101 19241231    21.6
19250101 19251231    20.7
19260101 19261231    21.9
19270101 19271231    21.6
19280101 19281231    21.8
19290101 19291231    20.9
19300101 19301231    21.3
19310101 19311231    21.9
19320101 19321231    21.5
19330101 19331231    21.5
19340101 19341231    21.4
19350101 19351231    21.2
19360101 19361231    21.9
19370101 19371231    21.6
19380101 19381231    21.9
19390101 19391231    21.4
19400101 19401231    21.0
19410101 19411231    21.3
19420101 19421231    22.7
19430101 19431231    21.3
19440101 19441231    21.2
19450101 19451231    21.7
19460101 19461231    20.6
19470101 19471231    22.2
19480101 19481231    21.8
19490101 19491231    21.3
19500101 19501231    21.5
19510101 19511231    22.2
19520101 19521231    22.5
19530101 19531231    22.0
19540101 19541231    21.8
19550101 19551231    22.6
19560101 19561231    22.1
19570101 19571231    21.9
19580101 19581231    22.4
19590101 19591231    21.8
19600101 19601231    21.4
19610101 19611231    21.5
19620101 19621231    22.2
19630101 19631231    21.3
19640101 19641231    22.0
19650101 19651231    21.8
19660101 19661231    22.4
19670101 19671231    21.8
19680101 19681231    22.7
19690101 19691231    22.6
19700101 19701231    22.9
19710101 19711231    22.6
19720101 19721231    22.4
19730101 19731231    23.4
19740101 19741231    22.4
19750101 19751231    22.4
19760101 19761231    21.7
19770101 19771231    22.2
19780101 19781231    23.1
19790101 19791231    22.9
19800101 19801231    22.9
19810101 19811231    23.4
19820101 19821231    22.5
19830101 19831231    23.2
19840101 19841231    22.9
19850101 19851231    22.9
19860101 19861231    23.5
19870101 19871231    23.4
19880101 19881231    23.7
19890101 19891231    23.3
19900101 19901231    23.2
19910101 19911231    23.1
19920101 19921231    23.7
19930101 19931231    23.7
19940101 19941231    22.7
19950101 19951231    23.4
19960101 19961231    23.4
19970101 19971231    23.1
19980101 19981231    24.1
19990101 19991231    22.6
20000101 20001231    23.0
20010101 20011231    23.2
20020101 20021231    22.9
20030101 20031231    23.5
20040101 20041231    22.9
20050101 20051231    23.6
20060101 20061231    22.4
20070101 20071231    23.1
20080101 20081231    22.9
20090101 20091231    23.4
20100101 20101231    23.9
20110101 20111231    22.3
20120101 20121231    22.5
