MIN TEMP   030018 19100101 20121231 missing_value=99999.9    GEORGETOWN POST OFF
19100101 19101231    18.7
19110101 19111231    17.5
19120101 19121231    18.9
19130101 19131231    17.7
19140101 19141231    18.1
19150101 19151231    19.2
19160101 19161231    18.9
19170101 19171231    18.3
19180101 19181231    17.3
19190101 19191231    18.2
19200101 19201231    18.9
19210101 19211231    18.7
19220101 19221231    17.6
19230101 19231231    17.4
19240101 19241231    18.8
19250101 19251231    17.7
19260101 19261231    19.1
19270101 19271231    19.4
19280101 19281231    18.7
19290101 19291231    17.4
19300101 19301231    18.0
19310101 19311231    19.6
19320101 19321231    18.5
19330101 19331231    18.3
19340101 19341231    18.5
19350101 19351231    19.0
19360101 19361231    19.2
19370101 19371231    17.6
19380101 19381231    18.8
19390101 19391231    17.2
19400101 19401231    17.8
19410101 19411231    17.5
19420101 19421231    19.3
19430101 19431231    18.3
19440101 19441231    18.3
19450101 19451231    18.1
19460101 19461231    16.9
19470101 19471231    18.7
19480101 19481231    17.2
19490101 19491231    17.3
19500101 19501231    18.5
19510101 19511231    16.9
19520101 19521231    19.0
19530101 19531231    17.2
19540101 19541231    17.6
19550101 19551231    18.6
19560101 19561231    17.9
19570101 19571231    17.3
19580101 19581231    18.3
19590101 19591231    19.0
19600101 19601231    18.0
19610101 19611231    17.6
19620101 19621231    17.4
19630101 19631231    17.5
19640101 19641231    18.0
19650101 19651231    17.8
19660101 19661231    18.7
19670101 19671231    18.1
19680101 19681231    18.8
19690101 19691231    19.1
19700101 19701231    19.1
19710101 19711231    18.7
19720101 19721231    17.5
19730101 19731231    19.8
19740101 19741231    17.6
19750101 19751231    19.2
19760101 19761231    17.5
19770101 19771231    18.5
19780101 19781231    18.8
19790101 19791231    18.2
19800101 19801231    18.3
19810101 19811231    18.4
19820101 19821231    17.3
19830101 19831231    19.6
19840101 19841231    18.2
19850101 19851231    19.4
19860101 19861231    19.5
19870101 19871231    19.3
19880101 19881231    19.9
19890101 19891231    18.9
19900101 19901231    18.7
19910101 19911231    18.2
19920101 19921231    19.3
19930101 19931231    19.5
19940101 19941231    19.3
19950101 19951231    19.3
19960101 19961231    19.3
19970101 19971231    19.0
19980101 19981231    20.3
19990101 19991231    19.2
20000101 20001231    18.8
20010101 20011231    18.8
20020101 20021231    17.9
20030101 20031231    19.3
20040101 20041231    18.6
20050101 20051231    19.5
20060101 20061231    18.7
20070101 20071231 99999.9
20080101 20081231 99999.9
20090101 20091231 99999.9
20100101 20101231 99999.9
20110101 20111231 99999.9
20120101 20121231 99999.9
