MIN TEMP   055023 19100101 20121231 missing_value=99999.9    GUNNEDAH POOL      
19100101 19101231    11.3
19110101 19111231    10.7
19120101 19121231    11.1
19130101 19131231    10.0
19140101 19141231    12.3
19150101 19151231    11.9
19160101 19161231    10.3
19170101 19171231    11.0
19180101 19181231     9.2
19190101 19191231    12.7
19200101 19201231    11.5
19210101 19211231    11.8
19220101 19221231    11.0
19230101 19231231    11.6
19240101 19241231    11.0
19250101 19251231     9.7
19260101 19261231    10.7
19270101 19271231    10.8
19280101 19281231    11.5
19290101 19291231    10.5
19300101 19301231    11.2
19310101 19311231    11.3
19320101 19321231    11.2
19330101 19331231    11.2
19340101 19341231    10.2
19350101 19351231    10.8
19360101 19361231    10.0
19370101 19371231     9.4
19380101 19381231    11.9
19390101 19391231    12.4
19400101 19401231    11.8
19410101 19411231    10.6
19420101 19421231    11.7
19430101 19431231    10.7
19440101 19441231    10.7
19450101 19451231    11.4
19460101 19461231    10.9
19470101 19471231    11.1
19480101 19481231    11.1
19490101 19491231    10.7
19500101 19501231    10.3
19510101 19511231    10.7
19520101 19521231    11.5
19530101 19531231    10.9
19540101 19541231    11.9
19550101 19551231    11.6
19560101 19561231    10.6
19570101 19571231    10.6
19580101 19581231    12.0
19590101 19591231    11.6
19600101 19601231    11.0
19610101 19611231    11.3
19620101 19621231    10.7
19630101 19631231    11.6
19640101 19641231    10.5
19650101 19651231    11.7
19660101 19661231    11.6
19670101 19671231    12.2
19680101 19681231    12.0
19690101 19691231    11.8
19700101 19701231    11.0
19710101 19711231    11.3
19720101 19721231    11.6
19730101 19731231    12.6
19740101 19741231    12.0
19750101 19751231    12.2
19760101 19761231    11.3
19770101 19771231    12.0
19780101 19781231    11.8
19790101 19791231    12.2
19800101 19801231    12.5
19810101 19811231    12.2
19820101 19821231    11.5
19830101 19831231    12.2
19840101 19841231    11.1
19850101 19851231    10.9
19860101 19861231    11.5
19870101 19871231    11.8
19880101 19881231    12.1
19890101 19891231    11.9
19900101 19901231    11.8
19910101 19911231    11.8
19920101 19921231    11.1
19930101 19931231    11.7
19940101 19941231    10.5
19950101 19951231    12.0
19960101 19961231    11.4
19970101 19971231    12.0
19980101 19981231    12.9
19990101 19991231    12.4
20000101 20001231    11.9
20010101 20011231    11.9
20020101 20021231    12.0
20030101 20031231    11.8
20040101 20041231    11.7
20050101 20051231    12.4
20060101 20061231    12.2
20070101 20071231    12.5
20080101 20081231    11.8
20090101 20091231    12.6
20100101 20101231    12.4
20110101 20111231 99999.9
20120101 20121231 99999.9
