MIN TEMP   039083 19100101 20121231 missing_value=99999.9    ROCKHAMPTON AERO   
19100101 19101231    16.3
19110101 19111231    15.4
19120101 19121231    16.2
19130101 19131231    15.3
19140101 19141231    16.2
19150101 19151231    16.2
19160101 19161231    16.6
19170101 19171231    15.2
19180101 19181231    15.2
19190101 19191231    15.7
19200101 19201231    15.9
19210101 19211231    16.3
19220101 19221231    15.7
19230101 19231231    15.3
19240101 19241231    16.4
19250101 19251231    14.9
19260101 19261231    15.8
19270101 19271231    14.9
19280101 19281231    15.3
19290101 19291231    15.1
19300101 19301231    15.3
19310101 19311231    16.1
19320101 19321231    15.6
19330101 19331231    15.8
19340101 19341231    15.3
19350101 19351231    15.3
19360101 19361231    15.9
19370101 19371231    15.6
19380101 19381231    16.3
19390101 19391231    15.2
19400101 19401231    15.9
19410101 19411231    15.5
19420101 19421231    16.6
19430101 19431231    15.4
19440101 19441231    15.3
19450101 19451231    16.0
19460101 19461231    14.9
19470101 19471231    16.1
19480101 19481231    15.6
19490101 19491231    15.6
19500101 19501231    16.4
19510101 19511231    14.9
19520101 19521231    15.8
19530101 19531231    15.2
19540101 19541231    16.6
19550101 19551231    16.2
19560101 19561231    15.4
19570101 19571231    15.5
19580101 19581231    16.3
19590101 19591231    15.8
19600101 19601231    14.8
19610101 19611231    15.2
19620101 19621231    15.9
19630101 19631231    15.6
19640101 19641231    16.6
19650101 19651231    15.8
19660101 19661231    15.7
19670101 19671231    15.8
19680101 19681231    15.6
19690101 19691231    16.7
19700101 19701231    16.1
19710101 19711231    16.3
19720101 19721231    15.6
19730101 19731231    17.8
19740101 19741231    15.8
19750101 19751231    17.0
19760101 19761231    16.5
19770101 19771231    16.3
19780101 19781231    16.6
19790101 19791231    16.6
19800101 19801231    16.9
19810101 19811231    16.7
19820101 19821231    16.0
19830101 19831231    17.3
19840101 19841231    16.3
19850101 19851231    16.5
19860101 19861231    16.7
19870101 19871231    17.1
19880101 19881231    17.6
19890101 19891231    16.7
19900101 19901231    16.9
19910101 19911231    16.9
19920101 19921231    16.5
19930101 19931231    17.2
19940101 19941231    15.9
19950101 19951231    17.1
19960101 19961231    16.7
19970101 19971231    17.1
19980101 19981231    17.9
19990101 19991231    16.7
20000101 20001231    16.5
20010101 20011231    17.1
20020101 20021231    17.2
20030101 20031231    17.6
20040101 20041231    17.1
20050101 20051231    17.7
20060101 20061231    17.3
20070101 20071231    17.2
20080101 20081231    16.8
20090101 20091231    17.2
20100101 20101231    18.1
20110101 20111231    16.8
20120101 20121231    16.7
