MIN TEMP   009519 19100101 20121231 missing_value=99999.9    CAPE NATURALISTE   
19100101 19101231    11.1
19110101 19111231    10.8
19120101 19121231    11.4
19130101 19131231    11.3
19140101 19141231    11.2
19150101 19151231    11.6
19160101 19161231    11.3
19170101 19171231    11.2
19180101 19181231    12.1
19190101 19191231    11.6
19200101 19201231    12.0
19210101 19211231    12.4
19220101 19221231    11.3
19230101 19231231    11.7
19240101 19241231    11.6
19250101 19251231    11.7
19260101 19261231    11.7
19270101 19271231    11.7
19280101 19281231    11.6
19290101 19291231    11.1
19300101 19301231    11.9
19310101 19311231    11.3
19320101 19321231    11.9
19330101 19331231    12.0
19340101 19341231    12.0
19350101 19351231    11.3
19360101 19361231    12.2
19370101 19371231    12.1
19380101 19381231    11.5
19390101 19391231    11.8
19400101 19401231    12.2
19410101 19411231    11.5
19420101 19421231    11.9
19430101 19431231    11.5
19440101 19441231    12.0
19450101 19451231    12.2
19460101 19461231    12.3
19470101 19471231    11.8
19480101 19481231    12.3
19490101 19491231    12.6
19500101 19501231    12.1
19510101 19511231    11.2
19520101 19521231    12.0
19530101 19531231    11.9
19540101 19541231    12.0
19550101 19551231    12.0
19560101 19561231    11.9
19570101 19571231    12.2
19580101 19581231    12.6
19590101 19591231    13.0
19600101 19601231    11.5
19610101 19611231    12.8
19620101 19621231    13.0
19630101 19631231    12.7
19640101 19641231    12.1
19650101 19651231    12.8
19660101 19661231    12.4
19670101 19671231    13.2
19680101 19681231    11.8
19690101 19691231    12.3
19700101 19701231    12.6
19710101 19711231    12.3
19720101 19721231    13.1
19730101 19731231    12.5
19740101 19741231    12.7
19750101 19751231    12.9
19760101 19761231    13.2
19770101 19771231    13.3
19780101 19781231    13.6
19790101 19791231    13.2
19800101 19801231    13.2
19810101 19811231    12.6
19820101 19821231    12.8
19830101 19831231    13.7
19840101 19841231    13.1
19850101 19851231    13.1
19860101 19861231    12.3
19870101 19871231    12.6
19880101 19881231    13.4
19890101 19891231    13.3
19900101 19901231    12.7
19910101 19911231    13.2
19920101 19921231    12.9
19930101 19931231    12.4
19940101 19941231    13.2
19950101 19951231    13.3
19960101 19961231    13.1
19970101 19971231    12.9
19980101 19981231    12.5
19990101 19991231    13.2
20000101 20001231    13.0
20010101 20011231    12.4
20020101 20021231 99999.9
20030101 20031231    13.0
20040101 20041231    12.7
20050101 20051231 99999.9
20060101 20061231    12.7
20070101 20071231    13.1
20080101 20081231    12.9
20090101 20091231    12.9
20100101 20101231    12.9
20110101 20111231    14.0
20120101 20121231    13.7
