MIN TEMP   002012 19100101 20121231 missing_value=99999.9    HALLS CREEK AIRPORT
19100101 19101231    20.4
19110101 19111231    19.3
19120101 19121231    19.4
19130101 19131231    18.7
19140101 19141231    19.7
19150101 19151231    19.8
19160101 19161231    19.9
19170101 19171231    19.6
19180101 19181231    18.7
19190101 19191231    20.1
19200101 19201231    20.5
19210101 19211231    20.3
19220101 19221231    18.4
19230101 19231231    18.1
19240101 19241231    19.3
19250101 19251231    19.1
19260101 19261231    18.9
19270101 19271231    18.9
19280101 19281231    21.3
19290101 19291231    19.5
19300101 19301231    20.3
19310101 19311231    20.3
19320101 19321231    18.8
19330101 19331231    20.0
19340101 19341231    20.7
19350101 19351231    19.6
19360101 19361231    20.6
19370101 19371231    19.9
19380101 19381231    20.2
19390101 19391231    19.9
19400101 19401231    19.9
19410101 19411231    21.0
19420101 19421231    20.4
19430101 19431231    19.7
19440101 19441231    19.2
19450101 19451231    19.4
19460101 19461231    18.9
19470101 19471231    20.9
19480101 19481231    20.1
19490101 19491231    18.4
19500101 19501231    20.5
19510101 19511231    20.8
19520101 19521231    21.8
19530101 19531231    20.1
19540101 19541231    20.3
19550101 19551231    21.5
19560101 19561231    20.1
19570101 19571231    20.7
19580101 19581231    21.4
19590101 19591231    20.5
19600101 19601231    19.8
19610101 19611231    20.2
19620101 19621231    20.2
19630101 19631231    19.5
19640101 19641231    20.8
19650101 19651231    20.7
19660101 19661231    20.2
19670101 19671231    19.3
19680101 19681231    20.2
19690101 19691231    19.7
19700101 19701231    21.0
19710101 19711231    21.0
19720101 19721231    20.9
19730101 19731231    22.2
19740101 19741231    19.6
19750101 19751231    19.9
19760101 19761231    19.3
19770101 19771231    20.4
19780101 19781231    20.4
19790101 19791231    21.4
19800101 19801231    21.1
19810101 19811231    20.4
19820101 19821231    19.2
19830101 19831231    20.5
19840101 19841231    20.4
19850101 19851231    21.2
19860101 19861231    21.0
19870101 19871231    20.4
19880101 19881231    21.1
19890101 19891231    21.2
19900101 19901231    20.9
19910101 19911231    20.5
19920101 19921231    21.9
19930101 19931231    20.8
19940101 19941231    19.4
19950101 19951231    20.6
19960101 19961231    20.4
19970101 19971231    19.9
19980101 19981231    21.5
19990101 19991231    19.7
20000101 20001231    19.2
20010101 20011231    19.8
20020101 20021231    19.8
20030101 20031231    20.2
20040101 20041231    20.0
20050101 20051231    21.5
20060101 20061231    19.6
20070101 20071231    20.3
20080101 20081231    19.7
20090101 20091231    20.9
20100101 20101231    20.7
20110101 20111231    18.8
20120101 20121231    19.1
