MIN TEMP   016001 19500101 20121231 missing_value=99999.9    WOOMERA AERODROME  
19500101 19501231    11.9
19510101 19511231    12.3
19520101 19521231    11.6
19530101 19531231    11.9
19540101 19541231    11.9
19550101 19551231    12.5
19560101 19561231    11.9
19570101 19571231    12.4
19580101 19581231    12.3
19590101 19591231    12.8
19600101 19601231    12.6
19610101 19611231    12.7
19620101 19621231    12.5
19630101 19631231    12.8
19640101 19641231    12.0
19650101 19651231    12.7
19660101 19661231    12.0
19670101 19671231    12.3
19680101 19681231    12.8
19690101 19691231    12.2
19700101 19701231    12.0
19710101 19711231    12.6
19720101 19721231    12.6
19730101 19731231    13.7
19740101 19741231    13.0
19750101 19751231    12.6
19760101 19761231    12.0
19770101 19771231    12.9
19780101 19781231    12.4
19790101 19791231    13.2
19800101 19801231    12.9
19810101 19811231    13.2
19820101 19821231    13.1
19830101 19831231    13.3
19840101 19841231    12.5
19850101 19851231    12.8
19860101 19861231    12.4
19870101 19871231    12.6
19880101 19881231    13.1
19890101 19891231    12.6
19900101 19901231    13.1
19910101 19911231    13.3
19920101 19921231    12.3
19930101 19931231    12.9
19940101 19941231    12.4
19950101 19951231    12.7
19960101 19961231    12.5
19970101 19971231    13.1
19980101 19981231    12.9
19990101 19991231    13.4
20000101 20001231    13.7
20010101 20011231    13.0
20020101 20021231    12.7
20030101 20031231    13.1
20040101 20041231    13.2
20050101 20051231    13.1
20060101 20061231    13.0
20070101 20071231    13.6
20080101 20081231    12.9
20090101 20091231    13.8
20100101 20101231    13.0
20110101 20111231    13.5
20120101 20121231    12.6
