MIN TEMP   043091 19100101 20121231 missing_value=99999.9    ROMA AIRPORT       
19100101 19101231     9.3
19110101 19111231    10.0
19120101 19121231    11.2
19130101 19131231    11.3
19140101 19141231    12.0
19150101 19151231    10.8
19160101 19161231    11.9
19170101 19171231    10.2
19180101 19181231     9.9
19190101 19191231    11.5
19200101 19201231    11.4
19210101 19211231    12.4
19220101 19221231    10.9
19230101 19231231    11.0
19240101 19241231    10.6
19250101 19251231    10.8
19260101 19261231    11.9
19270101 19271231    10.0
19280101 19281231    11.3
19290101 19291231    10.1
19300101 19301231    11.6
19310101 19311231    11.6
19320101 19321231    11.4
19330101 19331231    11.1
19340101 19341231    10.6
19350101 19351231    10.6
19360101 19361231    11.4
19370101 19371231    11.5
19380101 19381231    12.4
19390101 19391231    11.7
19400101 19401231    11.3
19410101 19411231    11.0
19420101 19421231    12.3
19430101 19431231    10.8
19440101 19441231    11.7
19450101 19451231    12.5
19460101 19461231    11.2
19470101 19471231    11.7
19480101 19481231    11.4
19490101 19491231    11.4
19500101 19501231    12.5
19510101 19511231    10.4
19520101 19521231    11.7
19530101 19531231    11.1
19540101 19541231    11.5
19550101 19551231    12.1
19560101 19561231    10.7
19570101 19571231    11.2
19580101 19581231    12.4
19590101 19591231    12.1
19600101 19601231    11.0
19610101 19611231    11.1
19620101 19621231    10.9
19630101 19631231    11.6
19640101 19641231    11.3
19650101 19651231    12.3
19660101 19661231    11.5
19670101 19671231    12.3
19680101 19681231    12.4
19690101 19691231    12.4
19700101 19701231    10.9
19710101 19711231    10.8
19720101 19721231    11.6
19730101 19731231    13.7
19740101 19741231    12.0
19750101 19751231    12.8
19760101 19761231    11.6
19770101 19771231    12.1
19780101 19781231    11.8
19790101 19791231    12.5
19800101 19801231    12.8
19810101 19811231    12.6
19820101 19821231    12.0
19830101 19831231    13.2
19840101 19841231    11.5
19850101 19851231    12.0
19860101 19861231    12.3
19870101 19871231    12.8
19880101 19881231    12.4
19890101 19891231    12.0
19900101 19901231    12.5
19910101 19911231    12.4
19920101 19921231    12.1
19930101 19931231    13.8
19940101 19941231    10.5
19950101 19951231    12.3
19960101 19961231    11.9
19970101 19971231    12.1
19980101 19981231    13.9
19990101 19991231    12.3
20000101 20001231    12.5
20010101 20011231    12.7
20020101 20021231    12.8
20030101 20031231    13.2
20040101 20041231    12.4
20050101 20051231    14.0
20060101 20061231    13.8
20070101 20071231 99999.9
20080101 20081231 99999.9
20090101 20091231    13.5
20100101 20101231    13.1
20110101 20111231    11.5
20120101 20121231    10.7
