MIN TEMP   018192 19100101 20121231 missing_value=99999.9    PORT LINCOLN AWS   
19100101 19101231    10.8
19110101 19111231    10.8
19120101 19121231    11.0
19130101 19131231    10.6
19140101 19141231    11.3
19150101 19151231    11.2
19160101 19161231    10.4
19170101 19171231    10.2
19180101 19181231    10.8
19190101 19191231    10.9
19200101 19201231    10.8
19210101 19211231    11.2
19220101 19221231    10.4
19230101 19231231    11.0
19240101 19241231    10.1
19250101 19251231    10.8
19260101 19261231    10.8
19270101 19271231    10.5
19280101 19281231    10.6
19290101 19291231    10.2
19300101 19301231    11.4
19310101 19311231    10.2
19320101 19321231    10.5
19330101 19331231    10.3
19340101 19341231    11.1
19350101 19351231    10.7
19360101 19361231    10.6
19370101 19371231    10.9
19380101 19381231    10.8
19390101 19391231    10.9
19400101 19401231    10.4
19410101 19411231    10.7
19420101 19421231    10.8
19430101 19431231    10.2
19440101 19441231    10.2
19450101 19451231    10.2
19460101 19461231    10.3
19470101 19471231    10.6
19480101 19481231    10.2
19490101 19491231    10.1
19500101 19501231    10.6
19510101 19511231    10.7
19520101 19521231     9.9
19530101 19531231    10.3
19540101 19541231    10.2
19550101 19551231    10.8
19560101 19561231    10.3
19570101 19571231     9.8
19580101 19581231    10.2
19590101 19591231    10.9
19600101 19601231    11.1
19610101 19611231    11.3
19620101 19621231    10.9
19630101 19631231    10.7
19640101 19641231    10.5
19650101 19651231    10.9
19660101 19661231    11.1
19670101 19671231    11.1
19680101 19681231    11.2
19690101 19691231    11.0
19700101 19701231    10.7
19710101 19711231    11.1
19720101 19721231    10.9
19730101 19731231    11.6
19740101 19741231    11.9
19750101 19751231    11.5
19760101 19761231    10.2
19770101 19771231    10.2
19780101 19781231    11.2
19790101 19791231    11.9
19800101 19801231    11.5
19810101 19811231    11.0
19820101 19821231    10.8
19830101 19831231    10.7
19840101 19841231    10.4
19850101 19851231    11.3
19860101 19861231    11.2
19870101 19871231    11.2
19880101 19881231    11.3
19890101 19891231    11.2
19900101 19901231    11.7
19910101 19911231    11.6
19920101 19921231    11.0
19930101 19931231    10.2
19940101 19941231     9.6
19950101 19951231     9.6
19960101 19961231    10.8
19970101 19971231    10.6
19980101 19981231    11.1
19990101 19991231    11.5
20000101 20001231    11.7
20010101 20011231    11.4
20020101 20021231    11.0
20030101 20031231    11.3
20040101 20041231    11.3
20050101 20051231    11.6
20060101 20061231    11.1
20070101 20071231    11.7
20080101 20081231    11.3
20090101 20091231    11.6
20100101 20101231    11.3
20110101 20111231    11.7
20120101 20121231    11.1
