MIN TEMP   031193 19100101 20121231 missing_value=99999.9    ATHERTON SHIRE COUN
19100101 19101231    15.1
19110101 19111231    14.3
19120101 19121231    15.0
19130101 19131231    13.5
19140101 19141231    13.8
19150101 19151231    15.5
19160101 19161231    15.9
19170101 19171231    15.3
19180101 19181231    14.3
19190101 19191231    14.4
19200101 19201231    15.3
19210101 19211231    15.5
19220101 19221231    14.5
19230101 19231231    13.6
19240101 19241231    15.6
19250101 19251231    14.5
19260101 19261231    14.9
19270101 19271231    15.1
19280101 19281231    15.2
19290101 19291231    14.2
19300101 19301231    14.5
19310101 19311231    15.6
19320101 19321231    14.3
19330101 19331231    15.6
19340101 19341231    15.4
19350101 19351231    14.8
19360101 19361231    15.6
19370101 19371231    14.7
19380101 19381231    15.3
19390101 19391231    14.3
19400101 19401231    15.0
19410101 19411231    14.4
19420101 19421231    15.6
19430101 19431231    14.9
19440101 19441231    14.6
19450101 19451231    14.8
19460101 19461231    13.8
19470101 19471231    15.2
19480101 19481231    14.6
19490101 19491231    14.8
19500101 19501231    15.4
19510101 19511231    14.2
19520101 19521231    15.1
19530101 19531231    14.2
19540101 19541231    15.2
19550101 19551231    15.2
19560101 19561231    15.0
19570101 19571231    14.7
19580101 19581231    15.2
19590101 19591231    14.7
19600101 19601231    14.4
19610101 19611231    14.2
19620101 19621231    15.3
19630101 19631231    14.3
19640101 19641231    15.5
19650101 19651231    14.2
19660101 19661231    14.8
19670101 19671231    14.5
19680101 19681231    15.1
19690101 19691231    15.2
19700101 19701231    15.4
19710101 19711231    15.3
19720101 19721231    14.3
19730101 19731231    16.5
19740101 19741231    14.9
19750101 19751231    16.0
19760101 19761231    14.8
19770101 19771231    14.8
19780101 19781231    15.0
19790101 19791231    15.3
19800101 19801231    15.5
19810101 19811231    15.8
19820101 19821231    15.0
19830101 19831231    16.0
19840101 19841231    15.3
19850101 19851231    15.5
19860101 19861231    16.0
19870101 19871231    16.1
19880101 19881231    15.9
19890101 19891231    15.6
19900101 19901231    15.2
19910101 19911231    14.6
19920101 19921231    15.2
19930101 19931231    15.4
19940101 19941231    14.2
19950101 19951231    15.6
19960101 19961231    14.8
19970101 19971231    14.7
19980101 19981231    16.3
19990101 19991231    15.6
20000101 20001231    15.5
20010101 20011231    15.0
20020101 20021231    14.5
20030101 20031231    15.5
20040101 20041231    15.2
20050101 20051231    15.7
20060101 20061231    15.6
20070101 20071231 99999.9
20080101 20081231 99999.9
20090101 20091231 99999.9
20100101 20101231 99999.9
20110101 20111231 99999.9
20120101 20121231 99999.9
