MIN TEMP   033002 19100101 20121231 missing_value=99999.9    AYR DPI RESEARCH ST
19100101 19101231    18.3
19110101 19111231    16.3
19120101 19121231    17.5
19130101 19131231    16.4
19140101 19141231    17.0
19150101 19151231    18.4
19160101 19161231    18.2
19170101 19171231    17.0
19180101 19181231    16.8
19190101 19191231    16.7
19200101 19201231    17.6
19210101 19211231    17.8
19220101 19221231    16.8
19230101 19231231    16.9
19240101 19241231    17.7
19250101 19251231    16.8
19260101 19261231    17.1
19270101 19271231    17.8
19280101 19281231    17.9
19290101 19291231    17.6
19300101 19301231    17.7
19310101 19311231    18.4
19320101 19321231    17.3
19330101 19331231    18.4
19340101 19341231    18.2
19350101 19351231    18.1
19360101 19361231    18.3
19370101 19371231    18.7
19380101 19381231    17.9
19390101 19391231    17.4
19400101 19401231    17.8
19410101 19411231    17.4
19420101 19421231    18.6
19430101 19431231    17.4
19440101 19441231    16.2
19450101 19451231    17.6
19460101 19461231    16.5
19470101 19471231    17.9
19480101 19481231    17.2
19490101 19491231    17.6
19500101 19501231    17.7
19510101 19511231    17.2
19520101 19521231    17.9
19530101 19531231    16.6
19540101 19541231    17.5
19550101 19551231    18.0
19560101 19561231    17.9
19570101 19571231    17.5
19580101 19581231    18.1
19590101 19591231    17.4
19600101 19601231    16.4
19610101 19611231    16.7
19620101 19621231    17.8
19630101 19631231    17.2
19640101 19641231    18.1
19650101 19651231    17.6
19660101 19661231    17.7
19670101 19671231    18.1
19680101 19681231    17.8
19690101 19691231    18.3
19700101 19701231    17.7
19710101 19711231    17.7
19720101 19721231    17.5
19730101 19731231    19.1
19740101 19741231    17.6
19750101 19751231    18.5
19760101 19761231    17.6
19770101 19771231    17.5
19780101 19781231    17.5
19790101 19791231    17.7
19800101 19801231    17.9
19810101 19811231    18.1
19820101 19821231    17.2
19830101 19831231    18.6
19840101 19841231    17.8
19850101 19851231    17.7
19860101 19861231    18.5
19870101 19871231    18.7
19880101 19881231    18.5
19890101 19891231    17.9
19900101 19901231    17.4
19910101 19911231    17.6
19920101 19921231    18.2
19930101 19931231    18.2
19940101 19941231    17.8
19950101 19951231    18.5
19960101 19961231    18.4
19970101 19971231    18.1
19980101 19981231    19.7
19990101 19991231    18.4
20000101 20001231    18.1
20010101 20011231    18.4
20020101 20021231    18.0
20030101 20031231    18.6
20040101 20041231 99999.9
20050101 20051231    18.8
20060101 20061231    18.4
20070101 20071231    18.3
20080101 20081231    18.2
20090101 20091231    18.3
20100101 20101231    19.7
20110101 20111231 99999.9
20120101 20121231    18.0
