MIN TEMP   080015 19100101 20121231 missing_value=99999.9    ECHUCA AERODROME   
19100101 19101231     8.5
19110101 19111231     8.5
19120101 19121231     8.2
19130101 19131231     8.2
19140101 19141231     9.2
19150101 19151231     8.8
19160101 19161231     8.4
19170101 19171231     8.8
19180101 19181231     8.4
19190101 19191231     8.5
19200101 19201231     8.5
19210101 19211231     9.0
19220101 19221231     8.0
19230101 19231231     8.3
19240101 19241231     7.9
19250101 19251231     7.4
19260101 19261231     8.4
19270101 19271231     7.7
19280101 19281231     8.5
19290101 19291231     7.8
19300101 19301231     8.9
19310101 19311231     8.4
19320101 19321231     8.2
19330101 19331231     8.1
19340101 19341231     8.7
19350101 19351231     8.6
19360101 19361231     8.5
19370101 19371231     8.6
19380101 19381231     8.9
19390101 19391231     9.1
19400101 19401231     7.8
19410101 19411231     8.2
19420101 19421231     8.9
19430101 19431231     7.7
19440101 19441231     7.8
19450101 19451231     7.9
19460101 19461231     7.7
19470101 19471231     8.7
19480101 19481231     7.7
19490101 19491231     7.4
19500101 19501231     8.3
19510101 19511231     8.5
19520101 19521231     7.7
19530101 19531231     7.6
19540101 19541231     7.7
19550101 19551231     8.3
19560101 19561231     7.8
19570101 19571231     7.1
19580101 19581231     7.8
19590101 19591231     8.3
19600101 19601231     8.1
19610101 19611231     8.6
19620101 19621231     8.2
19630101 19631231     8.4
19640101 19641231     7.4
19650101 19651231     7.6
19660101 19661231     7.6
19670101 19671231     7.8
19680101 19681231     8.2
19690101 19691231     8.5
19700101 19701231     8.4
19710101 19711231     8.9
19720101 19721231     8.5
19730101 19731231     9.7
19740101 19741231     9.3
19750101 19751231     8.8
19760101 19761231     7.7
19770101 19771231     8.4
19780101 19781231     8.9
19790101 19791231     9.1
19800101 19801231     8.8
19810101 19811231     9.2
19820101 19821231     8.0
19830101 19831231     8.8
19840101 19841231     7.6
19850101 19851231     8.6
19860101 19861231     8.0
19870101 19871231     8.1
19880101 19881231     9.4
19890101 19891231     9.1
19900101 19901231     9.2
19910101 19911231     8.8
19920101 19921231     8.8
19930101 19931231     8.8
19940101 19941231     8.2
19950101 19951231     8.5
19960101 19961231     8.1
19970101 19971231     8.6
19980101 19981231     8.5
19990101 19991231     9.0
20000101 20001231     9.1
20010101 20011231     9.0
20020101 20021231     8.7
20030101 20031231     9.0
20040101 20041231     8.2
20050101 20051231    12.0
20060101 20061231     8.1
20070101 20071231 99999.9
20080101 20081231     8.6
20090101 20091231     9.4
20100101 20101231     9.4
20110101 20111231     8.9
20120101 20121231 99999.9
