MIN TEMP   039039 19100101 20121231 missing_value=99999.9    GAYNDAH POST OFFICE
19100101 19101231    13.1
19110101 19111231    12.4
19120101 19121231    12.5
19130101 19131231    12.6
19140101 19141231    13.5
19150101 19151231    12.7
19160101 19161231    13.4
19170101 19171231    12.1
19180101 19181231    11.9
19190101 19191231    12.4
19200101 19201231    13.4
19210101 19211231    13.6
19220101 19221231    12.4
19230101 19231231    12.1
19240101 19241231    12.9
19250101 19251231    11.5
19260101 19261231    13.0
19270101 19271231    11.9
19280101 19281231    12.6
19290101 19291231    12.0
19300101 19301231    12.5
19310101 19311231    13.2
19320101 19321231    13.0
19330101 19331231    13.6
19340101 19341231    12.2
19350101 19351231    11.9
19360101 19361231    12.9
19370101 19371231    12.9
19380101 19381231    13.5
19390101 19391231    12.7
19400101 19401231    12.8
19410101 19411231    13.0
19420101 19421231    13.3
19430101 19431231    11.9
19440101 19441231    12.5
19450101 19451231    13.2
19460101 19461231    12.4
19470101 19471231    13.0
19480101 19481231    12.4
19490101 19491231    12.4
19500101 19501231    13.6
19510101 19511231    11.5
19520101 19521231    12.9
19530101 19531231    12.2
19540101 19541231    13.5
19550101 19551231    13.4
19560101 19561231    12.4
19570101 19571231    12.9
19580101 19581231    14.0
19590101 19591231    12.9
19600101 19601231    12.0
19610101 19611231    12.2
19620101 19621231    12.4
19630101 19631231    12.9
19640101 19641231    13.1
19650101 19651231    12.9
19660101 19661231    13.0
19670101 19671231    13.4
19680101 19681231    13.0
19690101 19691231    14.0
19700101 19701231    13.0
19710101 19711231    13.3
19720101 19721231    13.3
19730101 19731231    15.1
19740101 19741231    13.3
19750101 19751231    14.2
19760101 19761231    14.0
19770101 19771231    13.8
19780101 19781231    14.2
19790101 19791231    14.0
19800101 19801231    14.3
19810101 19811231    14.0
19820101 19821231    13.5
19830101 19831231    15.0
19840101 19841231    13.9
19850101 19851231    14.2
19860101 19861231    14.1
19870101 19871231    14.5
19880101 19881231    15.0
19890101 19891231    14.5
19900101 19901231    14.6
19910101 19911231    14.5
19920101 19921231    14.2
19930101 19931231    14.8
19940101 19941231    13.5
19950101 19951231    15.0
19960101 19961231    14.4
19970101 19971231    14.9
19980101 19981231    15.7
19990101 19991231    14.6
20000101 20001231    14.2
20010101 20011231    14.1
20020101 20021231    14.2
20030101 20031231    14.5
20040101 20041231    14.3
20050101 20051231    15.3
20060101 20061231    14.8
20070101 20071231    14.9
20080101 20081231    14.2
20090101 20091231 99999.9
20100101 20101231 99999.9
20110101 20111231 99999.9
20120101 20121231 99999.9
