MIN TEMP   010073 19100101 20121231 missing_value=99999.9    KELLERBERRIN       
19100101 19101231     9.4
19110101 19111231     8.8
19120101 19121231    10.1
19130101 19131231     9.1
19140101 19141231     9.5
19150101 19151231    10.7
19160101 19161231     9.0
19170101 19171231     9.2
19180101 19181231    10.4
19190101 19191231     9.3
19200101 19201231     9.7
19210101 19211231    10.4
19220101 19221231     9.2
19230101 19231231    10.1
19240101 19241231     9.0
19250101 19251231     9.5
19260101 19261231     9.9
19270101 19271231     9.8
19280101 19281231     9.6
19290101 19291231     9.4
19300101 19301231    10.8
19310101 19311231     9.8
19320101 19321231    10.2
19330101 19331231    10.1
19340101 19341231    10.2
19350101 19351231     9.7
19360101 19361231    10.0
19370101 19371231     9.8
19380101 19381231    11.2
19390101 19391231    10.2
19400101 19401231     9.7
19410101 19411231    10.2
19420101 19421231     9.3
19430101 19431231     9.2
19440101 19441231     9.4
19450101 19451231    10.5
19460101 19461231     9.5
19470101 19471231     9.6
19480101 19481231     9.7
19490101 19491231    10.2
19500101 19501231     9.6
19510101 19511231     9.7
19520101 19521231     9.2
19530101 19531231     9.7
19540101 19541231     9.3
19550101 19551231     9.7
19560101 19561231     9.1
19570101 19571231    10.2
19580101 19581231    10.5
19590101 19591231    11.0
19600101 19601231     9.2
19610101 19611231    10.5
19620101 19621231    10.6
19630101 19631231    11.3
19640101 19641231     9.8
19650101 19651231    10.6
19660101 19661231     9.6
19670101 19671231    10.3
19680101 19681231     8.9
19690101 19691231     9.6
19700101 19701231     9.9
19710101 19711231     9.3
19720101 19721231    10.6
19730101 19731231    10.3
19740101 19741231    10.3
19750101 19751231    10.0
19760101 19761231    10.4
19770101 19771231    10.6
19780101 19781231    10.9
19790101 19791231    10.1
19800101 19801231     9.8
19810101 19811231     9.9
19820101 19821231    10.3
19830101 19831231    11.0
19840101 19841231     9.9
19850101 19851231    10.6
19860101 19861231    10.2
19870101 19871231    10.2
19880101 19881231    11.0
19890101 19891231    10.5
19900101 19901231    10.1
19910101 19911231    11.1
19920101 19921231    11.0
19930101 19931231    10.2
19940101 19941231    10.5
19950101 19951231    10.1
19960101 19961231    10.2
19970101 19971231    10.5
19980101 19981231    10.4
19990101 19991231    10.6
20000101 20001231     9.6
20010101 20011231     9.4
20020101 20021231     9.6
20030101 20031231 99999.9
20040101 20041231 99999.9
20050101 20051231 99999.9
20060101 20061231 99999.9
20070101 20071231 99999.9
20080101 20081231     9.9
20090101 20091231 99999.9
20100101 20101231 99999.9
20110101 20111231 99999.9
20120101 20121231 99999.9
