MIN TEMP   084016 19100101 20121231 missing_value=99999.9    GABO ISLAND LIGHTHO
19100101 19101231    12.1
19110101 19111231    11.5
19120101 19121231    12.3
19130101 19131231    12.5
19140101 19141231    13.1
19150101 19151231    12.4
19160101 19161231    12.3
19170101 19171231    12.6
19180101 19181231    12.6
19190101 19191231    12.7
19200101 19201231    12.1
19210101 19211231    12.7
19220101 19221231    12.4
19230101 19231231    12.4
19240101 19241231    11.9
19250101 19251231    12.1
19260101 19261231    12.2
19270101 19271231    11.8
19280101 19281231    12.4
19290101 19291231    11.6
19300101 19301231    12.3
19310101 19311231    12.0
19320101 19321231    12.4
19330101 19331231    11.9
19340101 19341231    12.4
19350101 19351231    11.9
19360101 19361231    11.6
19370101 19371231    12.0
19380101 19381231    12.4
19390101 19391231    12.7
19400101 19401231    12.2
19410101 19411231    12.1
19420101 19421231    12.7
19430101 19431231    11.0
19440101 19441231    11.3
19450101 19451231    11.6
19460101 19461231    11.7
19470101 19471231    12.2
19480101 19481231    12.1
19490101 19491231    11.4
19500101 19501231    12.7
19510101 19511231    11.9
19520101 19521231    11.8
19530101 19531231    11.7
19540101 19541231    12.0
19550101 19551231    11.9
19560101 19561231    11.1
19570101 19571231    10.8
19580101 19581231    11.5
19590101 19591231    11.8
19600101 19601231    11.7
19610101 19611231    11.9
19620101 19621231    10.9
19630101 19631231    10.8
19640101 19641231    11.4
19650101 19651231    11.4
19660101 19661231    11.6
19670101 19671231    11.4
19680101 19681231    11.6
19690101 19691231    11.8
19700101 19701231    11.5
19710101 19711231    11.6
19720101 19721231    11.7
19730101 19731231    12.6
19740101 19741231    12.0
19750101 19751231    12.1
19760101 19761231    11.9
19770101 19771231    11.7
19780101 19781231    12.0
19790101 19791231    12.0
19800101 19801231    12.1
19810101 19811231    11.8
19820101 19821231    12.6
19830101 19831231    12.5
19840101 19841231    11.8
19850101 19851231    12.3
19860101 19861231    12.0
19870101 19871231    11.9
19880101 19881231    12.7
19890101 19891231    12.4
19900101 19901231    12.4
19910101 19911231    12.2
19920101 19921231    11.9
19930101 19931231    12.1
19940101 19941231    11.6
19950101 19951231    11.4
19960101 19961231    11.4
19970101 19971231    12.3
19980101 19981231    12.7
19990101 19991231    13.0
20000101 20001231    12.9
20010101 20011231    12.8
20020101 20021231    12.4
20030101 20031231    12.4
20040101 20041231    12.4
20050101 20051231    12.7
20060101 20061231 99999.9
20070101 20071231    12.9
20080101 20081231    12.2
20090101 20091231    12.9
20100101 20101231    12.7
20110101 20111231    12.7
20120101 20121231    12.4
