MIN TEMP   055325 19100101 20121231 missing_value=99999.9    TAMWORTH AIRPORT AW
19100101 19101231     9.0
19110101 19111231     9.2
19120101 19121231     9.3
19130101 19131231     9.7
19140101 19141231     9.4
19150101 19151231    10.5
19160101 19161231    10.1
19170101 19171231     9.1
19180101 19181231     9.0
19190101 19191231    10.7
19200101 19201231     9.7
19210101 19211231    10.2
19220101 19221231     8.9
19230101 19231231     9.6
19240101 19241231     8.8
19250101 19251231     9.3
19260101 19261231     9.7
19270101 19271231     8.0
19280101 19281231    10.1
19290101 19291231     8.6
19300101 19301231    11.0
19310101 19311231     9.8
19320101 19321231     9.7
19330101 19331231     9.5
19340101 19341231     9.0
19350101 19351231     8.8
19360101 19361231     9.5
19370101 19371231     9.7
19380101 19381231    10.6
19390101 19391231     9.8
19400101 19401231     9.5
19410101 19411231     9.3
19420101 19421231    10.3
19430101 19431231     9.1
19440101 19441231     9.4
19450101 19451231     9.8
19460101 19461231     9.7
19470101 19471231     9.8
19480101 19481231     9.0
19490101 19491231     9.3
19500101 19501231    10.7
19510101 19511231     8.8
19520101 19521231     9.1
19530101 19531231     8.5
19540101 19541231    10.0
19550101 19551231     9.4
19560101 19561231     9.5
19570101 19571231     9.6
19580101 19581231    10.4
19590101 19591231    10.0
19600101 19601231     9.3
19610101 19611231     9.6
19620101 19621231     9.3
19630101 19631231     9.9
19640101 19641231     8.8
19650101 19651231    10.0
19660101 19661231     9.6
19670101 19671231    10.2
19680101 19681231    10.0
19690101 19691231     9.8
19700101 19701231     8.6
19710101 19711231     8.8
19720101 19721231     9.3
19730101 19731231    11.0
19740101 19741231     9.5
19750101 19751231     9.8
19760101 19761231     9.3
19770101 19771231     9.9
19780101 19781231     9.7
19790101 19791231    10.0
19800101 19801231    10.4
19810101 19811231    10.6
19820101 19821231    10.0
19830101 19831231    10.5
19840101 19841231     9.2
19850101 19851231     9.4
19860101 19861231     9.5
19870101 19871231    10.0
19880101 19881231    10.1
19890101 19891231     9.8
19900101 19901231    10.2
19910101 19911231    10.1
19920101 19921231     9.3
19930101 19931231     9.2
19940101 19941231     9.8
19950101 19951231    10.3
19960101 19961231    10.1
19970101 19971231     9.6
19980101 19981231    10.8
19990101 19991231     9.8
20000101 20001231     9.6
20010101 20011231     9.5
20020101 20021231 99999.9
20030101 20031231    10.0
20040101 20041231 99999.9
20050101 20051231    10.1
20060101 20061231     9.9
20070101 20071231    10.4
20080101 20081231     9.1
20090101 20091231    10.2
20100101 20101231    10.4
20110101 20111231     9.4
20120101 20121231     8.9
