MIN TEMP   015590 19100101 20121231 missing_value=99999.9    ALICE SPRINGS AIRPO
19100101 19101231    13.0
19110101 19111231    12.3
19120101 19121231    11.9
19130101 19131231    11.6
19140101 19141231    12.5
19150101 19151231    12.9
19160101 19161231    12.6
19170101 19171231    11.3
19180101 19181231    11.9
19190101 19191231    12.5
19200101 19201231    12.5
19210101 19211231    12.1
19220101 19221231    12.2
19230101 19231231    12.3
19240101 19241231    12.0
19250101 19251231    11.6
19260101 19261231    12.5
19270101 19271231    12.4
19280101 19281231    13.8
19290101 19291231    11.8
19300101 19301231    12.8
19310101 19311231    11.9
19320101 19321231    11.6
19330101 19331231    12.0
19340101 19341231    12.0
19350101 19351231    12.2
19360101 19361231    12.0
19370101 19371231    11.0
19380101 19381231    11.8
19390101 19391231    11.6
19400101 19401231    10.9
19410101 19411231    11.8
19420101 19421231    12.9
19430101 19431231    11.5
19440101 19441231    10.5
19450101 19451231    11.3
19460101 19461231    10.9
19470101 19471231    12.2
19480101 19481231    10.5
19490101 19491231    10.8
19500101 19501231    11.8
19510101 19511231    11.3
19520101 19521231    11.4
19530101 19531231    11.4
19540101 19541231    11.3
19550101 19551231    13.0
19560101 19561231    11.5
19570101 19571231    12.6
19580101 19581231    12.6
19590101 19591231    12.6
19600101 19601231    12.0
19610101 19611231    12.2
19620101 19621231    12.5
19630101 19631231    12.8
19640101 19641231    12.5
19650101 19651231    12.7
19660101 19661231    11.6
19670101 19671231    11.3
19680101 19681231    12.5
19690101 19691231    11.5
19700101 19701231    11.6
19710101 19711231    13.0
19720101 19721231    11.6
19730101 19731231    13.7
19740101 19741231    11.4
19750101 19751231    11.4
19760101 19761231    10.5
19770101 19771231    11.2
19780101 19781231    11.7
19790101 19791231    13.0
19800101 19801231    13.9
19810101 19811231    13.6
19820101 19821231    11.7
19830101 19831231    12.7
19840101 19841231    12.0
19850101 19851231    12.9
19860101 19861231    13.6
19870101 19871231    13.3
19880101 19881231    13.5
19890101 19891231    12.6
19900101 19901231    14.1
19910101 19911231    14.3
19920101 19921231    14.4
19930101 19931231    14.8
19940101 19941231    12.5
19950101 19951231    13.7
19960101 19961231    14.5
19970101 19971231    13.0
19980101 19981231    14.3
19990101 19991231    13.8
20000101 20001231    13.0
20010101 20011231    11.8
20020101 20021231    11.5
20030101 20031231    13.0
20040101 20041231    13.9
20050101 20051231    14.0
20060101 20061231    14.2
20070101 20071231    13.7
20080101 20081231    13.7
20090101 20091231    14.3
20100101 20101231    12.8
20110101 20111231    12.4
20120101 20121231    11.9
