MIN TEMP   044010 19140101 20121231 missing_value=99999.9    BOLLON MARY ST     
19140101 19141231    12.8
19150101 19151231    12.4
19160101 19161231    12.8
19170101 19171231    11.4
19180101 19181231    11.0
19190101 19191231    12.5
19200101 19201231    12.6
19210101 19211231    13.4
19220101 19221231    11.6
19230101 19231231    12.1
19240101 19241231    11.4
19250101 19251231    11.8
19260101 19261231    12.8
19270101 19271231    11.7
19280101 19281231    12.1
19290101 19291231    11.7
19300101 19301231    13.0
19310101 19311231    12.5
19320101 19321231    12.1
19330101 19331231    12.7
19340101 19341231    12.0
19350101 19351231    11.6
19360101 19361231    12.0
19370101 19371231    11.7
19380101 19381231    13.4
19390101 19391231    13.4
19400101 19401231    12.7
19410101 19411231    11.8
19420101 19421231    13.6
19430101 19431231    11.6
19440101 19441231    12.8
19450101 19451231    13.3
19460101 19461231    11.7
19470101 19471231    12.5
19480101 19481231    12.4
19490101 19491231    12.3
19500101 19501231    13.5
19510101 19511231    11.3
19520101 19521231    12.0
19530101 19531231    11.7
19540101 19541231    12.2
19550101 19551231    12.3
19560101 19561231    11.6
19570101 19571231    11.4
19580101 19581231    14.2
19590101 19591231    13.1
19600101 19601231    12.3
19610101 19611231    12.8
19620101 19621231    13.2
19630101 19631231    12.7
19640101 19641231    11.7
19650101 19651231    12.5
19660101 19661231    12.1
19670101 19671231    13.1
19680101 19681231    12.9
19690101 19691231    13.6
19700101 19701231    12.0
19710101 19711231    12.5
19720101 19721231    12.8
19730101 19731231    14.4
19740101 19741231    11.9
19750101 19751231    12.6
19760101 19761231    10.9
19770101 19771231    11.8
19780101 19781231    11.9
19790101 19791231    12.3
19800101 19801231    14.1
19810101 19811231    13.8
19820101 19821231    12.8
19830101 19831231    13.6
19840101 19841231    11.7
19850101 19851231    12.2
19860101 19861231    12.8
19870101 19871231    13.8
19880101 19881231    13.9
19890101 19891231    13.7
19900101 19901231    13.8
19910101 19911231    13.3
19920101 19921231    13.1
19930101 19931231    14.1
19940101 19941231    11.9
19950101 19951231    13.6
19960101 19961231    13.2
19970101 19971231    13.4
19980101 19981231    14.1
19990101 19991231    13.2
20000101 20001231    13.5
20010101 20011231    13.3
20020101 20021231    13.6
20030101 20031231    14.4
20040101 20041231 99999.9
20050101 20051231    14.5
20060101 20061231 99999.9
20070101 20071231    14.7
20080101 20081231 99999.9
20090101 20091231    14.4
20100101 20101231    13.5
20110101 20111231    13.0
20120101 20121231    12.4
