MIN TEMP   032025 19100101 20121231 missing_value=99999.9    INNISFAIL          
19100101 19101231    18.9
19110101 19111231    18.9
19120101 19121231    18.6
19130101 19131231    17.3
19140101 19141231    18.8
19150101 19151231    19.8
19160101 19161231    20.3
19170101 19171231    19.4
19180101 19181231    18.5
19190101 19191231    18.3
19200101 19201231    19.4
19210101 19211231    19.6
19220101 19221231    18.7
19230101 19231231    17.8
19240101 19241231    19.3
19250101 19251231    18.4
19260101 19261231    19.6
19270101 19271231    18.9
19280101 19281231    19.1
19290101 19291231    18.3
19300101 19301231    18.2
19310101 19311231    19.2
19320101 19321231    18.3
19330101 19331231    19.3
19340101 19341231    18.3
19350101 19351231    18.0
19360101 19361231    17.9
19370101 19371231    17.9
19380101 19381231    19.5
19390101 19391231    18.8
19400101 19401231    18.7
19410101 19411231    18.1
19420101 19421231    19.5
19430101 19431231    18.6
19440101 19441231    18.5
19450101 19451231    18.2
19460101 19461231    17.3
19470101 19471231    18.8
19480101 19481231    18.8
19490101 19491231    18.4
19500101 19501231    18.9
19510101 19511231    18.2
19520101 19521231    19.0
19530101 19531231    18.2
19540101 19541231    18.8
19550101 19551231    19.1
19560101 19561231    19.4
19570101 19571231    18.6
19580101 19581231    19.3
19590101 19591231    19.0
19600101 19601231    18.3
19610101 19611231    18.1
19620101 19621231    19.2
19630101 19631231    18.5
19640101 19641231    19.7
19650101 19651231    18.4
19660101 19661231    18.9
19670101 19671231    19.2
19680101 19681231    19.4
19690101 19691231    19.5
19700101 19701231    19.6
19710101 19711231    19.3
19720101 19721231    18.4
19730101 19731231    20.5
19740101 19741231    19.1
19750101 19751231    20.0
19760101 19761231    19.3
19770101 19771231    19.2
19780101 19781231    19.3
19790101 19791231    19.5
19800101 19801231    19.5
19810101 19811231    20.0
19820101 19821231    19.3
19830101 19831231    20.7
19840101 19841231    20.2
19850101 19851231    20.4
19860101 19861231    21.0
19870101 19871231    21.1
19880101 19881231    20.9
19890101 19891231    20.4
19900101 19901231    20.2
19910101 19911231    19.9
19920101 19921231    20.5
19930101 19931231    20.5
19940101 19941231    20.1
19950101 19951231    20.8
19960101 19961231    20.6
19970101 19971231    20.2
19980101 19981231    22.0
19990101 19991231    20.4
20000101 20001231    20.2
20010101 20011231    20.3
20020101 20021231    19.9
20030101 20031231    20.4
20040101 20041231    20.3
20050101 20051231    20.7
20060101 20061231    20.7
20070101 20071231    20.4
20080101 20081231    20.5
20090101 20091231    20.3
20100101 20101231    21.8
20110101 20111231    20.1
20120101 20121231    20.2
