MIN TEMP   023090 19100101 20121231 missing_value=99999.9    KENT TOWN          
19100101 19101231    10.6
19110101 19111231    10.7
19120101 19121231    10.7
19130101 19131231    10.5
19140101 19141231    11.4
19150101 19151231    10.8
19160101 19161231    10.4
19170101 19171231    10.5
19180101 19181231    10.9
19190101 19191231    11.2
19200101 19201231    10.7
19210101 19211231    11.5
19220101 19221231    10.6
19230101 19231231    10.9
19240101 19241231     9.8
19250101 19251231    10.3
19260101 19261231    10.7
19270101 19271231    10.5
19280101 19281231    10.8
19290101 19291231    10.3
19300101 19301231    11.5
19310101 19311231    10.4
19320101 19321231    10.6
19330101 19331231    10.3
19340101 19341231    11.3
19350101 19351231    10.8
19360101 19361231    10.6
19370101 19371231    11.1
19380101 19381231    11.1
19390101 19391231    11.1
19400101 19401231    10.7
19410101 19411231    11.1
19420101 19421231    11.4
19430101 19431231    10.2
19440101 19441231    10.5
19450101 19451231    10.3
19460101 19461231    10.4
19470101 19471231    11.4
19480101 19481231    10.6
19490101 19491231    10.1
19500101 19501231    11.1
19510101 19511231    11.4
19520101 19521231    10.1
19530101 19531231    10.9
19540101 19541231    11.0
19550101 19551231    11.4
19560101 19561231    11.3
19570101 19571231    11.0
19580101 19581231    11.0
19590101 19591231    11.6
19600101 19601231    10.9
19610101 19611231    12.1
19620101 19621231    11.7
19630101 19631231    11.6
19640101 19641231    11.2
19650101 19651231    12.0
19660101 19661231    11.8
19670101 19671231    11.9
19680101 19681231    11.9
19690101 19691231    11.5
19700101 19701231    11.4
19710101 19711231    12.0
19720101 19721231    11.9
19730101 19731231    12.7
19740101 19741231    12.3
19750101 19751231    12.2
19760101 19761231    11.6
19770101 19771231    11.9
19780101 19781231    10.8
19790101 19791231    12.4
19800101 19801231    12.4
19810101 19811231    12.5
19820101 19821231    12.1
19830101 19831231    11.9
19840101 19841231    11.7
19850101 19851231    11.8
19860101 19861231    11.5
19870101 19871231    11.6
19880101 19881231    12.4
19890101 19891231    12.4
19900101 19901231    12.5
19910101 19911231    12.4
19920101 19921231    11.9
19930101 19931231    12.4
19940101 19941231    11.8
19950101 19951231    12.1
19960101 19961231    11.7
19970101 19971231    12.2
19980101 19981231    12.1
19990101 19991231    12.4
20000101 20001231    13.0
20010101 20011231    12.2
20020101 20021231    12.0
20030101 20031231    12.2
20040101 20041231    12.1
20050101 20051231    12.4
20060101 20061231    12.1
20070101 20071231    13.0
20080101 20081231    12.4
20090101 20091231    13.2
20100101 20101231    12.6
20110101 20111231    12.9
20120101 20121231    12.4
