MIN TEMP   013017 19570101 20121231 missing_value=99999.9    GILES METEOROLOGICA
19570101 19571231    16.2
19580101 19581231    15.7
19590101 19591231    16.3
19600101 19601231    15.5
19610101 19611231    16.1
19620101 19621231    16.1
19630101 19631231    16.7
19640101 19641231    15.6
19650101 19651231    16.7
19660101 19661231    15.2
19670101 19671231    14.9
19680101 19681231    15.0
19690101 19691231    14.8
19700101 19701231    15.5
19710101 19711231    15.6
19720101 19721231    15.9
19730101 19731231    16.1
19740101 19741231    14.0
19750101 19751231    15.0
19760101 19761231    14.4
19770101 19771231    15.8
19780101 19781231    15.5
19790101 19791231    16.3
19800101 19801231    17.0
19810101 19811231    16.1
19820101 19821231    15.5
19830101 19831231    15.2
19840101 19841231    15.3
19850101 19851231    16.2
19860101 19861231    16.5
19870101 19871231    15.7
19880101 19881231    16.0
19890101 19891231    15.1
19900101 19901231    16.1
19910101 19911231    17.1
19920101 19921231    15.6
19930101 19931231    16.1
19940101 19941231    15.8
19950101 19951231    16.3
19960101 19961231    17.3
19970101 19971231    16.8
19980101 19981231    17.3
19990101 19991231    15.3
20000101 20001231    14.8
20010101 20011231    14.9
20020101 20021231    15.7
20030101 20031231    16.3
20040101 20041231    16.1
20050101 20051231    16.7
20060101 20061231    16.3
20070101 20071231    16.0
20080101 20081231    16.3
20090101 20091231    16.5
20100101 20101231    15.9
20110101 20111231    15.5
20120101 20121231    15.0
