MIN TEMP   031011 19100101 20121231 missing_value=99999.9    CAIRNS AERO        
19100101 19101231    19.8
19110101 19111231    19.1
19120101 19121231    19.9
19130101 19131231    19.9
19140101 19141231    19.8
19150101 19151231    20.3
19160101 19161231    20.5
19170101 19171231    20.0
19180101 19181231    19.1
19190101 19191231    19.7
19200101 19201231    20.1
19210101 19211231    20.6
19220101 19221231    19.9
19230101 19231231    19.3
19240101 19241231    20.6
19250101 19251231    19.5
19260101 19261231    20.6
19270101 19271231    20.5
19280101 19281231    20.4
19290101 19291231    19.1
19300101 19301231    19.4
19310101 19311231    20.3
19320101 19321231    19.6
19330101 19331231    20.6
19340101 19341231    20.2
19350101 19351231    19.8
19360101 19361231    20.2
19370101 19371231    19.6
19380101 19381231    20.2
19390101 19391231    19.5
19400101 19401231    19.9
19410101 19411231    19.2
19420101 19421231    20.3
19430101 19431231    20.4
19440101 19441231    19.4
19450101 19451231    19.5
19460101 19461231    18.9
19470101 19471231    20.0
19480101 19481231    19.2
19490101 19491231    19.4
19500101 19501231    19.8
19510101 19511231    19.4
19520101 19521231    20.1
19530101 19531231    19.3
19540101 19541231    19.9
19550101 19551231    20.0
19560101 19561231    20.2
19570101 19571231    19.6
19580101 19581231    20.4
19590101 19591231    19.8
19600101 19601231    19.8
19610101 19611231    19.8
19620101 19621231    20.5
19630101 19631231    19.6
19640101 19641231    20.4
19650101 19651231    19.2
19660101 19661231    19.8
19670101 19671231    19.8
19680101 19681231    20.0
19690101 19691231    19.9
19700101 19701231    20.5
19710101 19711231    20.5
19720101 19721231    19.6
19730101 19731231    21.5
19740101 19741231    20.2
19750101 19751231    21.0
19760101 19761231    20.4
19770101 19771231    20.2
19780101 19781231    20.5
19790101 19791231    20.5
19800101 19801231    20.9
19810101 19811231    21.1
19820101 19821231    19.8
19830101 19831231    21.2
19840101 19841231    20.8
19850101 19851231    20.9
19860101 19861231    21.4
19870101 19871231    21.3
19880101 19881231    21.4
19890101 19891231    20.8
19900101 19901231    20.8
19910101 19911231    20.6
19920101 19921231    21.1
19930101 19931231    20.9
19940101 19941231    20.6
19950101 19951231    21.4
19960101 19961231    20.9
19970101 19971231    20.1
19980101 19981231    21.7
19990101 19991231    20.7
20000101 20001231    20.8
20010101 20011231    20.8
20020101 20021231    20.7
20030101 20031231    21.1
20040101 20041231    20.9
20050101 20051231    21.4
20060101 20061231    21.1
20070101 20071231    20.8
20080101 20081231    21.1
20090101 20091231    20.8
20100101 20101231    22.4
20110101 20111231    20.6
20120101 20121231    20.7
