MIN TEMP   033119 19100101 20121231 missing_value=99999.9    MACKAY MO          
19100101 19101231    18.5
19110101 19111231    17.5
19120101 19121231    18.3
19130101 19131231    17.6
19140101 19141231    18.2
19150101 19151231    18.6
19160101 19161231    18.7
19170101 19171231    17.6
19180101 19181231    17.9
19190101 19191231    17.9
19200101 19201231    18.4
19210101 19211231    18.9
19220101 19221231    18.4
19230101 19231231    18.1
19240101 19241231    18.5
19250101 19251231    16.8
19260101 19261231    18.5
19270101 19271231    17.8
19280101 19281231    17.8
19290101 19291231    17.6
19300101 19301231    17.9
19310101 19311231    18.8
19320101 19321231    17.9
19330101 19331231    18.7
19340101 19341231    18.4
19350101 19351231    18.2
19360101 19361231    18.9
19370101 19371231    18.2
19380101 19381231    18.9
19390101 19391231    18.0
19400101 19401231    18.4
19410101 19411231    17.6
19420101 19421231    19.1
19430101 19431231    18.5
19440101 19441231    18.0
19450101 19451231    18.7
19460101 19461231    17.1
19470101 19471231    19.0
19480101 19481231    18.5
19490101 19491231    18.3
19500101 19501231    18.8
19510101 19511231    17.3
19520101 19521231    18.6
19530101 19531231    17.6
19540101 19541231    19.1
19550101 19551231    18.7
19560101 19561231    18.4
19570101 19571231    18.4
19580101 19581231    19.2
19590101 19591231    18.7
19600101 19601231    17.6
19610101 19611231    17.9
19620101 19621231    18.7
19630101 19631231    18.5
19640101 19641231    19.3
19650101 19651231    18.6
19660101 19661231    18.5
19670101 19671231    18.5
19680101 19681231    18.5
19690101 19691231    19.2
19700101 19701231    18.5
19710101 19711231    18.9
19720101 19721231    18.1
19730101 19731231    19.9
19740101 19741231    18.4
19750101 19751231    19.3
19760101 19761231    18.6
19770101 19771231    18.7
19780101 19781231    18.8
19790101 19791231    19.0
19800101 19801231    19.3
19810101 19811231    19.1
19820101 19821231    18.3
19830101 19831231    19.2
19840101 19841231    18.9
19850101 19851231    19.0
19860101 19861231    19.2
19870101 19871231    19.4
19880101 19881231    19.5
19890101 19891231    18.7
19900101 19901231    19.0
19910101 19911231    19.1
19920101 19921231    19.7
19930101 19931231    19.8
19940101 19941231    19.1
19950101 19951231    19.6
19960101 19961231    19.1
19970101 19971231    19.1
19980101 19981231    20.1
19990101 19991231    19.4
20000101 20001231    19.0
20010101 20011231    18.9
20020101 20021231    19.1
20030101 20031231    19.4
20040101 20041231    19.3
20050101 20051231    20.0
20060101 20061231    19.5
20070101 20071231    19.2
20080101 20081231    19.0
20090101 20091231    19.4
20100101 20101231    20.2
20110101 20111231    19.0
20120101 20121231    19.0
