MIN TEMP   037010 19100101 20121231 missing_value=99999.9    CAMOOWEAL TOWNSHIP 
19100101 19101231    16.1
19110101 19111231    15.4
19120101 19121231    16.0
19130101 19131231    15.1
19140101 19141231    17.0
19150101 19151231    17.2
19160101 19161231    16.9
19170101 19171231    16.1
19180101 19181231    15.7
19190101 19191231    17.0
19200101 19201231    18.2
19210101 19211231    17.5
19220101 19221231    15.8
19230101 19231231    16.1
19240101 19241231    16.0
19250101 19251231    15.1
19260101 19261231    16.8
19270101 19271231    15.7
19280101 19281231    17.4
19290101 19291231    15.6
19300101 19301231    16.2
19310101 19311231    15.9
19320101 19321231    17.0
19330101 19331231    16.6
19340101 19341231    17.4
19350101 19351231    17.3
19360101 19361231    16.8
19370101 19371231    16.6
19380101 19381231    16.8
19390101 19391231    16.6
19400101 19401231    16.3
19410101 19411231    15.5
19420101 19421231    17.9
19430101 19431231    16.5
19440101 19441231    16.3
19450101 19451231    16.5
19460101 19461231    15.2
19470101 19471231    16.8
19480101 19481231    16.1
19490101 19491231    15.3
19500101 19501231    15.7
19510101 19511231    15.5
19520101 19521231    16.6
19530101 19531231    15.9
19540101 19541231    16.9
19550101 19551231    17.9
19560101 19561231    15.8
19570101 19571231    16.4
19580101 19581231    17.7
19590101 19591231    17.5
19600101 19601231    16.5
19610101 19611231    16.9
19620101 19621231    16.8
19630101 19631231    17.2
19640101 19641231    17.2
19650101 19651231    17.3
19660101 19661231    16.5
19670101 19671231    16.9
19680101 19681231    17.4
19690101 19691231    17.2
19700101 19701231    17.1
19710101 19711231    17.3
19720101 19721231    17.4
19730101 19731231    18.8
19740101 19741231    15.8
19750101 19751231    16.8
19760101 19761231    15.4
19770101 19771231    16.0
19780101 19781231    16.3
19790101 19791231    17.3
19800101 19801231    18.0
19810101 19811231    17.3
19820101 19821231    16.2
19830101 19831231    17.9
19840101 19841231    16.9
19850101 19851231    17.4
19860101 19861231    18.0
19870101 19871231    17.7
19880101 19881231    18.5
19890101 19891231    17.8
19900101 19901231    18.6
19910101 19911231    16.9
19920101 19921231    17.6
19930101 19931231    18.1
19940101 19941231    16.7
19950101 19951231    16.5
19960101 19961231    17.9
19970101 19971231    17.8
19980101 19981231    19.4
19990101 19991231    17.9
20000101 20001231    17.5
20010101 20011231    16.5
20020101 20021231    17.3
20030101 20031231    18.2
20040101 20041231    17.9
20050101 20051231    19.0
20060101 20061231    17.7
20070101 20071231    18.1
20080101 20081231    18.5
20090101 20091231    17.5
20100101 20101231    18.1
20110101 20111231    16.3
20120101 20121231    16.8
