CLOUD      028008 19650101 20141231 missing_value=99999.9    LOCKHART RIVER AP  
19650101 19651231     5.8
19660101 19661231     5.5
19670101 19671231 99999.9
19680101 19681231 99999.9
19690101 19691231 99999.9
19700101 19701231 99999.9
19710101 19711231 99999.9
19720101 19721231 99999.9
19730101 19731231 99999.9
19740101 19741231 99999.9
19750101 19751231 99999.9
19760101 19761231     5.8
19770101 19771231 99999.9
19780101 19781231 99999.9
19790101 19791231 99999.9
19800101 19801231     5.1
19810101 19811231     5.9
19820101 19821231     5.4
19830101 19831231     6.1
19840101 19841231     6.2
19850101 19851231 99999.9
19860101 19861231     5.4
19870101 19871231     5.7
19880101 19881231     6.1
19890101 19891231     6.1
19900101 19901231     5.7
19910101 19911231 99999.9
19920101 19921231     5.3
19930101 19931231     5.4
19940101 19941231     5.2
19950101 19951231     5.9
19960101 19961231     5.6
19970101 19971231     5.4
19980101 19981231     5.9
19990101 19991231     6.4
20000101 20001231     6.2
20010101 20011231     5.8
20020101 20021231     5.6
20030101 20031231     5.7
20040101 20041231 99999.9
20050101 20051231     5.0
20060101 20061231 99999.9
20070101 20071231 99999.9
20080101 20081231 99999.9
20090101 20091231     5.7
20100101 20101231     6.3
20110101 20111231     6.2
20120101 20121231     6.2
20130101 20131231     6.2
20140101 20141231     5.9
