CLOUD      016032 19730101 20111231 missing_value=99999.9    NONNING            
19730101 19731231     4.4
19740101 19741231     4.7
19750101 19751231     4.1
19760101 19761231     3.7
19770101 19771231     3.5
19780101 19781231     3.6
19790101 19791231     3.8
19800101 19801231     3.5
19810101 19811231     3.7
19820101 19821231     3.4
19830101 19831231     3.8
19840101 19841231     3.5
19850101 19851231     3.8
19860101 19861231     3.8
19870101 19871231     3.8
19880101 19881231 99999.9
19890101 19891231     4.3
19900101 19901231     3.9
19910101 19911231     3.7
19920101 19921231     4.2
19930101 19931231     3.4
19940101 19941231 99999.9
19950101 19951231 99999.9
19960101 19961231     3.2
19970101 19971231 99999.9
19980101 19981231     3.9
19990101 19991231     4.0
20000101 20001231     4.3
20010101 20011231     4.5
20020101 20021231     3.9
20030101 20031231     3.9
20040101 20041231     4.0
20050101 20051231     3.9
20060101 20061231     3.7
20070101 20071231     3.6
20080101 20081231     3.7
20090101 20091231     3.2
20100101 20101231     3.8
20110101 20111231     3.8
