CLOUD      014612 19680101 20111231 missing_value=99999.9    LARRIMAH           
19680101 19681231     3.0
19690101 19691231     3.2
19700101 19701231 99999.9
19710101 19711231     3.7
19720101 19721231     3.8
19730101 19731231     3.7
19740101 19741231     3.7
19750101 19751231 99999.9
19760101 19761231 99999.9
19770101 19771231 99999.9
19780101 19781231 99999.9
19790101 19791231 99999.9
19800101 19801231 99999.9
19810101 19811231 99999.9
19820101 19821231 99999.9
19830101 19831231     3.5
19840101 19841231     3.7
19850101 19851231     3.8
19860101 19861231     4.6
19870101 19871231     4.0
19880101 19881231     3.6
19890101 19891231     3.2
19900101 19901231 99999.9
19910101 19911231     3.3
19920101 19921231     3.7
19930101 19931231     3.4
19940101 19941231 99999.9
19950101 19951231 99999.9
19960101 19961231 99999.9
19970101 19971231 99999.9
19980101 19981231 99999.9
19990101 19991231     3.3
20000101 20001231     4.1
20010101 20011231     4.1
20020101 20021231     3.1
20030101 20031231     3.6
20040101 20041231     3.2
20050101 20051231     3.4
20060101 20061231     3.3
20070101 20071231     3.5
20080101 20081231     3.1
20090101 20091231     3.0
20100101 20101231     4.0
20110101 20111231     3.3
