CLOUD      036031 19740101 20141231 missing_value=99999.9    LONGREACH AERO     
19740101 19741231     3.1
19750101 19751231     2.9
19760101 19761231     2.8
19770101 19771231 99999.9
19780101 19781231 99999.9
19790101 19791231 99999.9
19800101 19801231 99999.9
19810101 19811231 99999.9
19820101 19821231 99999.9
19830101 19831231 99999.9
19840101 19841231 99999.9
19850101 19851231 99999.9
19860101 19861231 99999.9
19870101 19871231 99999.9
19880101 19881231 99999.9
19890101 19891231     3.0
19900101 19901231 99999.9
19910101 19911231 99999.9
19920101 19921231     2.7
19930101 19931231 99999.9
19940101 19941231 99999.9
19950101 19951231     2.6
19960101 19961231     2.2
19970101 19971231 99999.9
19980101 19981231 99999.9
19990101 19991231 99999.9
20000101 20001231     3.1
20010101 20011231     2.3
20020101 20021231     1.8
20030101 20031231     2.6
20040101 20041231     2.2
20050101 20051231     2.5
20060101 20061231     2.6
20070101 20071231     2.8
20080101 20081231     2.7
20090101 20091231     2.5
20100101 20101231     3.7
20110101 20111231     2.8
20120101 20121231     2.7
20130101 20131231     2.7
20140101 20141231     2.9
