CLOUD      043091 19570101 20011231 missing_value=99999.9    ROMA AP            
19570101 19571231     2.5
19580101 19581231     3.3
19590101 19591231     3.4
19600101 19601231     3.1
19610101 19611231     3.0
19620101 19621231     3.5
19630101 19631231     3.4
19640101 19641231     2.7
19650101 19651231     2.5
19660101 19661231     2.8
19670101 19671231     2.9
19680101 19681231 99999.9
19690101 19691231     2.8
19700101 19701231     2.7
19710101 19711231     3.1
19720101 19721231     2.8
19730101 19731231     3.8
19740101 19741231     3.6
19750101 19751231     3.4
19760101 19761231     3.5
19770101 19771231     3.1
19780101 19781231     3.8
19790101 19791231     2.9
19800101 19801231     2.6
19810101 19811231     3.2
19820101 19821231     2.7
19830101 19831231     3.4
19840101 19841231     3.4
19850101 19851231     3.2
19860101 19861231     2.8
19870101 19871231     3.2
19880101 19881231     2.9
19890101 19891231     3.3
19900101 19901231     3.0
19910101 19911231     2.4
19920101 19921231 99999.9
19930101 19931231     3.1
19940101 19941231     2.7
19950101 19951231     3.3
19960101 19961231     3.0
19970101 19971231     3.0
19980101 19981231 99999.9
19990101 19991231     3.3
20000101 20001231     3.7
20010101 20011231     3.0
