CLOUD      015085 19750101 20141231 missing_value=99999.9    BRUNETTE DOWNS     
19750101 19751231     4.0
19760101 19761231     3.5
19770101 19771231     3.8
19780101 19781231     4.1
19790101 19791231     3.3
19800101 19801231     3.2
19810101 19811231 99999.9
19820101 19821231 99999.9
19830101 19831231     3.7
19840101 19841231     3.6
19850101 19851231     3.4
19860101 19861231     3.5
19870101 19871231     3.4
19880101 19881231 99999.9
19890101 19891231     3.3
19900101 19901231     3.2
19910101 19911231     3.4
19920101 19921231     3.3
19930101 19931231     3.7
19940101 19941231     3.2
19950101 19951231     4.0
19960101 19961231     3.3
19970101 19971231     3.7
19980101 19981231     3.8
19990101 19991231     3.5
20000101 20001231     4.0
20010101 20011231     3.7
20020101 20021231     2.7
20030101 20031231     3.5
20040101 20041231     3.2
20050101 20051231     3.5
20060101 20061231     3.3
20070101 20071231     3.8
20080101 20081231     3.9
20090101 20091231 99999.9
20100101 20101231     4.8
20110101 20111231     4.5
20120101 20121231     3.8
20130101 20131231     3.4
20140101 20141231     2.6
