CLOUD      063005 19790101 20141231 missing_value=99999.9    BATHURST AGRI      
19790101 19791231     3.7
19800101 19801231     3.4
19810101 19811231 99999.9
19820101 19821231     3.5
19830101 19831231     4.3
19840101 19841231     4.6
19850101 19851231     4.5
19860101 19861231     3.8
19870101 19871231     4.1
19880101 19881231     3.9
19890101 19891231     4.4
19900101 19901231 99999.9
19910101 19911231 99999.9
19920101 19921231 99999.9
19930101 19931231 99999.9
19940101 19941231 99999.9
19950101 19951231     4.3
19960101 19961231     4.3
19970101 19971231     3.7
19980101 19981231     4.3
19990101 19991231     4.2
20000101 20001231 99999.9
20010101 20011231 99999.9
20020101 20021231     3.3
20030101 20031231     3.9
20040101 20041231     3.6
20050101 20051231     3.7
20060101 20061231     3.1
20070101 20071231     3.8
20080101 20081231     3.8
20090101 20091231     3.7
20100101 20101231     4.2
20110101 20111231     4.4
20120101 20121231     4.0
20130101 20131231     3.6
20140101 20141231     3.9
