CLOUD      019062 19570101 20121231 missing_value=99999.9    YONGALA            
19570101 19571231     4.1
19580101 19581231 99999.9
19590101 19591231     4.1
19600101 19601231     4.6
19610101 19611231 99999.9
19620101 19621231     4.2
19630101 19631231     4.5
19640101 19641231     4.4
19650101 19651231     4.2
19660101 19661231     4.8
19670101 19671231     4.0
19680101 19681231     4.6
19690101 19691231 99999.9
19700101 19701231     4.7
19710101 19711231 99999.9
19720101 19721231 99999.9
19730101 19731231     4.5
19740101 19741231     5.1
19750101 19751231     4.5
19760101 19761231     4.3
19770101 19771231     3.9
19780101 19781231 99999.9
19790101 19791231 99999.9
19800101 19801231 99999.9
19810101 19811231 99999.9
19820101 19821231 99999.9
19830101 19831231 99999.9
19840101 19841231 99999.9
19850101 19851231 99999.9
19860101 19861231 99999.9
19870101 19871231 99999.9
19880101 19881231 99999.9
19890101 19891231 99999.9
19900101 19901231 99999.9
19910101 19911231 99999.9
19920101 19921231 99999.9
19930101 19931231 99999.9
19940101 19941231 99999.9
19950101 19951231     4.4
19960101 19961231     4.0
19970101 19971231 99999.9
19980101 19981231     3.9
19990101 19991231     4.1
20000101 20001231     4.3
20010101 20011231     4.9
20020101 20021231     4.3
20030101 20031231     4.3
20040101 20041231     4.3
20050101 20051231     4.2
20060101 20061231     4.1
20070101 20071231     3.9
20080101 20081231     4.3
20090101 20091231     4.0
20100101 20101231     4.9
20110101 20111231     4.9
20120101 20121231     3.8
