CLOUD      029012 19620101 20131231 missing_value=99999.9    CROYDON TOWNSHIP   
19620101 19621231     1.6
19630101 19631231     1.6
19640101 19641231     2.0
19650101 19651231     1.5
19660101 19661231     1.8
19670101 19671231     2.1
19680101 19681231 99999.9
19690101 19691231     1.6
19700101 19701231     1.7
19710101 19711231     2.1
19720101 19721231     2.0
19730101 19731231     2.6
19740101 19741231 99999.9
19750101 19751231     2.8
19760101 19761231     2.9
19770101 19771231     2.7
19780101 19781231 99999.9
19790101 19791231     2.3
19800101 19801231 99999.9
19810101 19811231 99999.9
19820101 19821231 99999.9
19830101 19831231 99999.9
19840101 19841231 99999.9
19850101 19851231 99999.9
19860101 19861231 99999.9
19870101 19871231 99999.9
19880101 19881231 99999.9
19890101 19891231     2.2
19900101 19901231 99999.9
19910101 19911231     2.0
19920101 19921231     1.7
19930101 19931231     2.0
19940101 19941231     1.7
19950101 19951231     2.3
19960101 19961231     2.4
19970101 19971231     2.3
19980101 19981231     2.6
19990101 19991231     2.7
20000101 20001231     2.7
20010101 20011231     2.2
20020101 20021231     1.6
20030101 20031231     2.0
20040101 20041231     2.0
20050101 20051231     2.3
20060101 20061231     2.4
20070101 20071231     2.8
20080101 20081231     2.4
20090101 20091231     2.3
20100101 20101231     3.0
20110101 20111231     2.7
20120101 20121231     2.3
20130101 20131231     2.2
