CLOUD      013017 19570101 20141231 missing_value=99999.9    GILES METEOROLOGICA
19570101 19571231     2.5
19580101 19581231     2.6
19590101 19591231     2.5
19600101 19601231     2.7
19610101 19611231     2.0
19620101 19621231     2.4
19630101 19631231     2.6
19640101 19641231     2.3
19650101 19651231     2.4
19660101 19661231     2.4
19670101 19671231     2.5
19680101 19681231     3.2
19690101 19691231     2.5
19700101 19701231     2.6
19710101 19711231     2.6
19720101 19721231     2.4
19730101 19731231     3.4
19740101 19741231     3.6
19750101 19751231     3.1
19760101 19761231     2.2
19770101 19771231     2.5
19780101 19781231     2.8
19790101 19791231     3.0
19800101 19801231     2.8
19810101 19811231     3.0
19820101 19821231     2.8
19830101 19831231     2.8
19840101 19841231     2.7
19850101 19851231     2.3
19860101 19861231     2.4
19870101 19871231     2.8
19880101 19881231     2.5
19890101 19891231     2.6
19900101 19901231     2.5
19910101 19911231     2.5
19920101 19921231     3.0
19930101 19931231     3.0
19940101 19941231     2.1
19950101 19951231     3.1
19960101 19961231     2.9
19970101 19971231     3.1
19980101 19981231     3.5
19990101 19991231     2.9
20000101 20001231     3.3
20010101 20011231     3.1
20020101 20021231     2.8
20030101 20031231     2.4
20040101 20041231     2.9
20050101 20051231     2.6
20060101 20061231     2.8
20070101 20071231     2.3
20080101 20081231     2.5
20090101 20091231     2.3
20100101 20101231     2.9
20110101 20111231     2.8
20120101 20121231     2.5
20130101 20131231     2.8
20140101 20141231     2.5
