EVAP       076031 19670101 20161231 missing_value=99999.9 MILDURA AIRPORT                           
19670101 19671231  2018.7
19680101 19681231  1880.8
19690101 19691231  1804.8
19700101 19701231  2269.0
19710101 19711231  2120.5
19720101 19721231  2460.9
19730101 19731231  2015.6
19740101 19741231  1764.1
19750101 19751231 99999.9
19760101 19761231  2138.0
19770101 19771231  2453.5
19780101 19781231  2121.9
19790101 19791231  2246.5
19800101 19801231  2372.2
19810101 19811231  2262.3
19820101 19821231  2508.3
19830101 19831231  2248.1
19840101 19841231 99999.9
19850101 19851231  2343.6
19860101 19861231  2171.7
19870101 19871231  2140.9
19880101 19881231  2258.2
19890101 19891231  1894.6
19900101 19901231  2085.0
19910101 19911231  2003.3
19920101 19921231  1789.9
19930101 19931231  1847.6
19940101 19941231  2124.6
19950101 19951231  1967.8
19960101 19961231  2046.6
19970101 19971231  2096.7
19980101 19981231  2146.3
19990101 19991231  2016.8
20000101 20001231  2042.6
20010101 20011231  2102.0
20020101 20021231  2307.4
20030101 20031231  2231.8
20040101 20041231  2296.6
20050101 20051231  2238.8
20060101 20061231  2403.8
20070101 20071231  2416.3
20080101 20081231  2285.0
20090101 20091231  2420.3
20100101 20101231  1931.1
20110101 20111231  1756.0
20120101 20121231  2160.9
20130101 20131231  2366.0
20140101 20141231  2291.4
20150101 20151231  2269.1
20160101 20161231  1917.6
