EVAP       094069 19680101 20091231 missing_value=99999.9 GROVE (COMPARISON)                        
19680101 19681231  1031.4
19690101 19691231   917.6
19700101 19701231 99999.9
19710101 19711231 99999.9
19720101 19721231   978.4
19730101 19731231 99999.9
19740101 19741231   943.7
19750101 19751231   797.2
19760101 19761231   791.9
19770101 19771231 99999.9
19780101 19781231 99999.9
19790101 19791231   930.5
19800101 19801231   976.8
19810101 19811231   995.8
19820101 19821231 99999.9
19830101 19831231   964.4
19840101 19841231   993.5
19850101 19851231   808.0
19860101 19861231   862.3
19870101 19871231   923.5
19880101 19881231  1002.9
19890101 19891231   887.7
19900101 19901231   961.9
19910101 19911231   910.8
19920101 19921231   822.2
19930101 19931231   890.0
19940101 19941231   976.2
19950101 19951231   843.8
19960101 19961231   828.2
19970101 19971231   888.4
19980101 19981231   969.8
19990101 19991231   933.4
20000101 20001231  1076.0
20010101 20011231   882.6
20020101 20021231   956.6
20030101 20031231  1003.8
20040101 20041231   931.4
20050101 20051231   947.8
20060101 20061231   916.2
20070101 20071231   952.7
20080101 20081231   959.6
20090101 20091231   832.2
