EVAP       050052 19750101 20161231 missing_value=99999.9 CONDOBOLIN AG RESEARCH STN                
19750101 19751231  2014.6
19760101 19761231  1553.2
19770101 19771231  2113.3
19780101 19781231  1760.2
19790101 19791231  2274.1
19800101 19801231  2494.2
19810101 19811231  2215.7
19820101 19821231  2398.6
19830101 19831231  1966.4
19840101 19841231  1744.1
19850101 19851231  1930.1
19860101 19861231  2137.3
19870101 19871231  1967.5
19880101 19881231  1961.3
19890101 19891231  1778.4
19900101 19901231  1868.2
19910101 19911231  2010.6
19920101 19921231  1638.8
19930101 19931231  1738.7
19940101 19941231  2182.0
19950101 19951231  1830.1
19960101 19961231 99999.9
19970101 19971231 99999.9
19980101 19981231 99999.9
19990101 19991231  1677.6
20000101 20001231  1665.4
20010101 20011231  1945.6
20020101 20021231  2199.8
20030101 20031231  2097.5
20040101 20041231  2079.9
20050101 20051231  2086.1
20060101 20061231  2299.2
20070101 20071231  2131.1
20080101 20081231  2132.1
20090101 20091231  2269.6
20100101 20101231  1572.6
20110101 20111231  1617.3
20120101 20121231  1827.2
20130101 20131231  2110.0
20140101 20141231  2003.5
20150101 20151231  1959.7
20160101 20161231  1898.7
