EVAP       082039 19680101 20101231 missing_value=99999.9 RUTHERGLEN RESEARCH                       
19680101 19681231  1582.0
19690101 19691231  1416.7
19700101 19701231  1436.5
19710101 19711231 99999.9
19720101 19721231 99999.9
19730101 19731231 99999.9
19740101 19741231  1343.4
19750101 19751231  1519.7
19760101 19761231  1487.6
19770101 19771231  1816.9
19780101 19781231  1603.5
19790101 19791231  1754.7
19800101 19801231  1882.6
19810101 19811231  1791.7
19820101 19821231  1936.2
19830101 19831231  1702.7
19840101 19841231  1586.9
19850101 19851231  1527.5
19860101 19861231  1469.9
19870101 19871231  1527.6
19880101 19881231  1527.5
19890101 19891231  1375.8
19900101 19901231  1551.3
19910101 19911231  1661.8
19920101 19921231  1356.9
19930101 19931231  1309.8
19940101 19941231  1618.2
19950101 19951231  1471.1
19960101 19961231  1469.7
19970101 19971231  1740.5
19980101 19981231 99999.9
19990101 19991231  1380.3
20000101 20001231  1349.9
20010101 20011231 99999.9
20020101 20021231  1800.6
20030101 20031231  1634.8
20040101 20041231  1573.6
20050101 20051231 99999.9
20060101 20061231 99999.9
20070101 20071231 99999.9
20080101 20081231  1613.2
20090101 20091231  1722.0
20100101 20101231  1368.6
