EVAP       003003 19690101 20161231 missing_value=99999.9 BROOME AIRPORT                            
19690101 19691231  2698.9
19700101 19701231  3042.7
19710101 19711231  2711.9
19720101 19721231  3191.4
19730101 19731231  2928.2
19740101 19741231  2512.2
19750101 19751231  3068.7
19760101 19761231  2637.2
19770101 19771231  2995.4
19780101 19781231  2780.5
19790101 19791231  2987.1
19800101 19801231  2737.1
19810101 19811231  2753.6
19820101 19821231  2597.2
19830101 19831231  2633.6
19840101 19841231  2618.1
19850101 19851231  2905.0
19860101 19861231  2896.4
19870101 19871231  2806.4
19880101 19881231  2800.1
19890101 19891231  2806.8
19900101 19901231  2952.1
19910101 19911231  2562.4
19920101 19921231 99999.9
19930101 19931231  2886.2
19940101 19941231  2737.7
19950101 19951231  2615.3
19960101 19961231  2681.2
19970101 19971231  2350.2
19980101 19981231  2502.4
19990101 19991231  2494.8
20000101 20001231  2505.2
20010101 20011231  2675.1
20020101 20021231  2753.1
20030101 20031231  2853.7
20040101 20041231  2558.0
20050101 20051231  2832.6
20060101 20061231  2469.2
20070101 20071231  2703.8
20080101 20081231  2911.8
20090101 20091231  2913.0
20100101 20101231  3046.1
20110101 20111231  2651.3
20120101 20121231  2737.4
20130101 20131231  2767.4
20140101 20141231  2902.1
20150101 20151231  2989.0
20160101 20161231  3017.1
