EVAP       038026 19700301 20151231 missing_value=99999.9 BIRDSVILLE AIRPORT                        
19710101 19711231 99999.9
19720101 19721231 99999.9
19730101 19731231 99999.9
19740101 19741231 99999.9
19750101 19751231  3536.0
19760101 19761231  3196.3
19770101 19771231 99999.9
19780101 19781231  3600.2
19790101 19791231 99999.9
19800101 19801231  3704.7
19810101 19811231 99999.9
19820101 19821231 99999.9
19830101 19831231  3489.4
19840101 19841231  3051.8
19850101 19851231  3215.3
19860101 19861231  3243.4
19870101 19871231  3103.3
19880101 19881231  3207.8
19890101 19891231  2872.7
19900101 19901231  3168.5
19910101 19911231  3003.5
19920101 19921231  3006.5
19930101 19931231 99999.9
19940101 19941231 99999.9
19950101 19951231 99999.9
19960101 19961231  3672.2
19970101 19971231  3245.1
19980101 19981231  3368.5
19990101 19991231  3527.0
20000101 20001231  3317.1
20010101 20011231 99999.9
20020101 20021231  3675.8
20030101 20031231 99999.9
20040101 20041231  3124.6
20050101 20051231  3134.7
20060101 20061231 99999.9
20070101 20071231 99999.9
20080101 20081231  3469.7
20090101 20091231  3417.3
20100101 20101231  2723.6
20110101 20111231  3004.2
20120101 20121231  3410.2
20130101 20131231  3847.3
20140101 20141231 99999.9
20150101 20151231  3808.5
