EVAP       040265 19721201 20101231 missing_value=99999.9 REDLANDS                                  
19730101 19731231 99999.9
19740101 19741231 99999.9
19750101 19751231  1423.0
19760101 19761231 99999.9
19770101 19771231  1637.3
19780101 19781231  1507.8
19790101 19791231 99999.9
19800101 19801231  1617.4
19810101 19811231  1534.7
19820101 19821231  1524.3
19830101 19831231 99999.9
19840101 19841231  1485.4
19850101 19851231  1454.3
19860101 19861231  1492.7
19870101 19871231  1503.1
19880101 19881231 99999.9
19890101 19891231 99999.9
19900101 19901231 99999.9
19910101 19911231  1522.5
19920101 19921231 99999.9
19930101 19931231 99999.9
19940101 19941231 99999.9
19950101 19951231 99999.9
19960101 19961231 99999.9
19970101 19971231  1465.4
19980101 19981231 99999.9
19990101 19991231  1404.6
20000101 20001231  1455.3
20010101 20011231 99999.9
20020101 20021231  1581.9
20030101 20031231 99999.9
20040101 20041231  1528.0
20050101 20051231 99999.9
20060101 20061231 99999.9
20070101 20071231 99999.9
20080101 20081231  1453.4
20090101 20091231  1403.8
20100101 20101231  1244.0
