EVAP       029004 19690701 20161231 missing_value=99999.9 BURKETOWN                                 
19700101 19701231 99999.9
19710101 19711231  2718.7
19720101 19721231  2826.7
19730101 19731231 99999.9
19740101 19741231 99999.9
19750101 19751231 99999.9
19760101 19761231 99999.9
19770101 19771231 99999.9
19780101 19781231 99999.9
19790101 19791231 99999.9
19800101 19801231 99999.9
19810101 19811231  2550.4
19820101 19821231 99999.9
19830101 19831231  2918.0
19840101 19841231 99999.9
19850101 19851231  2625.6
19860101 19861231 99999.9
19870101 19871231  2511.1
19880101 19881231  2423.5
19890101 19891231  2455.0
19900101 19901231  2649.1
19910101 19911231  2250.1
19920101 19921231  2446.0
19930101 19931231  2239.5
19940101 19941231  2397.7
19950101 19951231  2417.4
19960101 19961231  2400.0
19970101 19971231  2315.0
19980101 19981231 99999.9
19990101 19991231  2019.8
20000101 20001231 99999.9
20010101 20011231  2223.5
20020101 20021231  2277.0
20030101 20031231  2256.4
20040101 20041231  2282.1
20050101 20051231  2230.3
20060101 20061231  2051.2
20070101 20071231  2272.5
20080101 20081231  2434.3
20090101 20091231  2216.9
20100101 20101231  2060.1
20110101 20111231  1882.1
20120101 20121231  2035.6
20130101 20131231  2176.8
20140101 20141231  2041.2
20150101 20151231  2368.2
20160101 20161231  2117.7
