EVAP       048027 19690101 20151231 missing_value=99999.9 COBAR MO                                  
19690101 19691231  2757.3
19700101 19701231  2819.4
19710101 19711231  2588.9
19720101 19721231  3069.3
19730101 19731231  2738.1
19740101 19741231 99999.9
19750101 19751231  2899.3
19760101 19761231  2498.3
19770101 19771231  2967.2
19780101 19781231  2637.1
19790101 19791231  3059.7
19800101 19801231  3340.4
19810101 19811231  3018.9
19820101 19821231  3367.9
19830101 19831231  2752.1
19840101 19841231  2490.7
19850101 19851231  2751.5
19860101 19861231  2871.8
19870101 19871231  2790.8
19880101 19881231  2710.0
19890101 19891231  2627.4
19900101 19901231  2598.8
19910101 19911231  2904.1
19920101 19921231  2440.0
19930101 19931231  2458.7
19940101 19941231  2719.0
19950101 19951231  2524.6
19960101 19961231  2716.8
19970101 19971231  2678.4
19980101 19981231  2448.8
19990101 19991231  2421.4
20000101 20001231  2327.2
20010101 20011231  2629.8
20020101 20021231  2835.8
20030101 20031231  2610.6
20040101 20041231  2742.2
20050101 20051231  2889.6
20060101 20061231  2774.4
20070101 20071231  2584.9
20080101 20081231  2418.6
20090101 20091231  2569.0
20100101 20101231  1871.5
20110101 20111231  2214.7
20120101 20121231  2303.7
20130101 20131231  2712.9
20140101 20141231  2608.2
20150101 20151231  2441.6
