EVAP       010092 19720601 20161231 missing_value=99999.9 MERREDIN                                  
19730101 19731231  2046.0
19740101 19741231  1927.9
19750101 19751231  2043.4
19760101 19761231  2172.8
19770101 19771231  2245.3
19780101 19781231  2028.3
19790101 19791231  2017.4
19800101 19801231  2075.9
19810101 19811231  2014.0
19820101 19821231  2055.7
19830101 19831231  2073.6
19840101 19841231 99999.9
19850101 19851231 99999.9
19860101 19861231 99999.9
19870101 19871231 99999.9
19880101 19881231  2091.4
19890101 19891231  2098.4
19900101 19901231  1924.3
19910101 19911231  2232.4
19920101 19921231  1792.0
19930101 19931231  2012.6
19940101 19941231  2307.4
19950101 19951231  2095.9
19960101 19961231  2127.6
19970101 19971231  2114.0
19980101 19981231  2165.1
19990101 19991231 99999.9
20000101 20001231  1918.0
20010101 20011231  1925.7
20020101 20021231  2210.6
20030101 20031231  2140.9
20040101 20041231  1954.0
20050101 20051231 99999.9
20060101 20061231  1748.0
20070101 20071231  1989.2
20080101 20081231  1866.4
20090101 20091231  2011.7
20100101 20101231  2074.1
20110101 20111231  1783.0
20120101 20121231  1837.8
20130101 20131231  1756.3
20140101 20141231  2109.7
20150101 20151231  2149.4
20160101 20161231  1993.7
