EVAP       006011 19660101 20161231 missing_value=99999.9 CARNARVON AIRPORT                         
19660101 19661231  2673.4
19670101 19671231  2601.7
19680101 19681231  2471.3
19690101 19691231  2406.4
19700101 19701231  2298.4
19710101 19711231  2294.7
19720101 19721231  2336.9
19730101 19731231  2643.5
19740101 19741231 99999.9
19750101 19751231  2601.4
19760101 19761231  2713.7
19770101 19771231  2679.8
19780101 19781231  2592.1
19790101 19791231  2719.9
19800101 19801231  2654.0
19810101 19811231  2705.7
19820101 19821231  2730.6
19830101 19831231  2697.5
19840101 19841231  2561.4
19850101 19851231  2517.2
19860101 19861231  2578.8
19870101 19871231  2588.6
19880101 19881231  2807.0
19890101 19891231  2761.0
19900101 19901231  2544.3
19910101 19911231  2555.0
19920101 19921231  2500.8
19930101 19931231  2583.2
19940101 19941231 99999.9
19950101 19951231  2786.2
19960101 19961231  2699.8
19970101 19971231  2600.9
19980101 19981231  2554.4
19990101 19991231  2506.8
20000101 20001231  2683.4
20010101 20011231 99999.9
20020101 20021231  2656.6
20030101 20031231  2730.8
20040101 20041231  2544.1
20050101 20051231  2580.6
20060101 20061231  2698.8
20070101 20071231  2804.1
20080101 20081231  2642.0
20090101 20091231  2808.8
20100101 20101231  2824.0
20110101 20111231  2555.6
20120101 20121231  2782.8
20130101 20131231  2838.8
20140101 20141231 99999.9
20150101 20151231 99999.9
20160101 20161231  2592.0
