EVAP       072150 19660101 20161231 missing_value=99999.9 WAGGA WAGGA AMO                           
19660101 19661231 99999.9
19670101 19671231  2146.1
19680101 19681231  1923.0
19690101 19691231  1725.1
19700101 19701231  1649.5
19710101 19711231  1682.2
19720101 19721231  1876.0
19730101 19731231  1703.4
19740101 19741231  1590.7
19750101 19751231  1643.1
19760101 19761231  1715.7
19770101 19771231  2013.5
19780101 19781231  1772.1
19790101 19791231  1994.0
19800101 19801231  2059.0
19810101 19811231  1801.4
19820101 19821231  1994.4
19830101 19831231  1762.8
19840101 19841231  1648.5
19850101 19851231  1735.1
19860101 19861231  1746.6
19870101 19871231  1902.5
19880101 19881231  1915.6
19890101 19891231  1627.4
19900101 19901231  1776.2
19910101 19911231  1899.4
19920101 19921231  1441.2
19930101 19931231  1508.7
19940101 19941231  1762.1
19950101 19951231  1582.9
19960101 19961231  1624.6
19970101 19971231  1927.4
19980101 19981231  1818.4
19990101 19991231  1663.9
20000101 20001231  1637.0
20010101 20011231  1803.4
20020101 20021231  2065.6
20030101 20031231  1907.4
20040101 20041231  1854.9
20050101 20051231  1772.8
20060101 20061231  2181.7
20070101 20071231  2005.4
20080101 20081231  1897.2
20090101 20091231  2185.8
20100101 20101231  1614.6
20110101 20111231  1530.6
20120101 20121231  1668.2
20130101 20131231  1990.0
20140101 20141231  1925.2
20150101 20151231  1833.0
20160101 20161231  1739.8
