EVAP       088023 19700401 20161231 missing_value=99999.9 LAKE EILDON                               
19710101 19711231   915.2
19720101 19721231  1012.3
19730101 19731231   893.2
19740101 19741231   908.3
19750101 19751231   922.4
19760101 19761231   951.1
19770101 19771231  1022.8
19780101 19781231   959.4
19790101 19791231   973.6
19800101 19801231  1053.2
19810101 19811231  1016.9
19820101 19821231  1082.4
19830101 19831231   959.6
19840101 19841231   885.2
19850101 19851231   903.6
19860101 19861231   858.4
19870101 19871231   911.6
19880101 19881231   924.6
19890101 19891231   841.2
19900101 19901231   860.4
19910101 19911231   913.5
19920101 19921231   804.0
19930101 19931231   778.3
19940101 19941231   877.6
19950101 19951231   860.1
19960101 19961231   809.6
19970101 19971231   955.1
19980101 19981231 99999.9
19990101 19991231  1009.0
20000101 20001231  1025.2
20010101 20011231   968.3
20020101 20021231  1076.3
20030101 20031231  1029.3
20040101 20041231  1018.0
20050101 20051231   964.7
20060101 20061231  1133.7
20070101 20071231  1064.5
20080101 20081231  1005.0
20090101 20091231  1089.3
20100101 20101231   915.8
20110101 20111231   884.7
20120101 20121231   960.2
20130101 20131231  1084.6
20140101 20141231  1088.2
20150101 20151231  1099.0
20160101 20161231   998.0
