EVAP       007045 19670101 20141231 missing_value=99999.9 MEEKATHARRA AIRPORT                       
19670101 19671231  3839.2
19680101 19681231  3453.3
19690101 19691231  3677.8
19700101 19701231  3643.6
19710101 19711231  3335.0
19720101 19721231  3584.0
19730101 19731231  3162.6
19740101 19741231  3439.1
19750101 19751231  3282.6
19760101 19761231  3857.2
19770101 19771231  4060.7
19780101 19781231  3704.7
19790101 19791231  3933.9
19800101 19801231  3618.6
19810101 19811231  3800.8
19820101 19821231  3443.6
19830101 19831231  3680.4
19840101 19841231  3438.4
19850101 19851231  3548.7
19860101 19861231  3343.0
19870101 19871231  3325.0
19880101 19881231  3449.4
19890101 19891231  3371.0
19900101 19901231  3423.4
19910101 19911231  3725.4
19920101 19921231  3119.2
19930101 19931231  3317.3
19940101 19941231  3813.0
19950101 19951231  3176.0
19960101 19961231  3479.4
19970101 19971231  3213.2
19980101 19981231  3466.9
19990101 19991231  3111.8
20000101 20001231  2902.8
20010101 20011231  3213.0
20020101 20021231  3450.2
20030101 20031231  3495.1
20040101 20041231  3291.6
20050101 20051231  3611.8
20060101 20061231  3087.8
20070101 20071231  3560.3
20080101 20081231 99999.9
20090101 20091231 99999.9
20100101 20101231  3555.6
20110101 20111231  2923.6
20120101 20121231  3301.4
20130101 20131231  3146.1
20140101 20141231  3365.4
