EVAP       005026 19671001 20161231 missing_value=99999.9 WITTENOOM                                 
19680101 19681231 99999.9
19690101 19691231 99999.9
19700101 19701231 99999.9
19710101 19711231 99999.9
19720101 19721231  3566.9
19730101 19731231  3004.7
19740101 19741231  3062.8
19750101 19751231  3225.9
19760101 19761231  3191.9
19770101 19771231  3473.1
19780101 19781231  2943.0
19790101 19791231  3134.4
19800101 19801231 99999.9
19810101 19811231  3107.8
19820101 19821231  2933.8
19830101 19831231  3442.4
19840101 19841231  2994.4
19850101 19851231  3203.4
19860101 19861231  3297.3
19870101 19871231  3196.4
19880101 19881231  3080.9
19890101 19891231  3199.3
19900101 19901231  3373.2
19910101 19911231  3276.2
19920101 19921231  2952.8
19930101 19931231  2855.6
19940101 19941231  3154.9
19950101 19951231  2720.3
19960101 19961231  3491.1
19970101 19971231  2611.3
19980101 19981231  2984.6
19990101 19991231 99999.9
20000101 20001231 99999.9
20010101 20011231  2768.6
20020101 20021231  3409.7
20030101 20031231  3190.0
20040101 20041231  3026.5
20050101 20051231  3483.9
20060101 20061231  2111.2
20070101 20071231  3071.2
20080101 20081231  3010.3
20090101 20091231  3078.3
20100101 20101231  3405.3
20110101 20111231  2800.4
20120101 20121231  3336.9
20130101 20131231  3152.2
20140101 20141231  3200.9
20150101 20151231  3035.7
20160101 20161231  3215.8
