EVAP       002014 19701201 20091231 missing_value=99999.9 KIMBERLEY                                 
19710101 19711231  2696.8
19720101 19721231  2818.9
19730101 19731231  2703.7
19740101 19741231  2576.2
19750101 19751231  2846.7
19760101 19761231  3011.3
19770101 19771231  2845.3
19780101 19781231  3066.5
19790101 19791231  3069.0
19800101 19801231  3003.6
19810101 19811231  3104.6
19820101 19821231  2815.3
19830101 19831231  2929.0
19840101 19841231  2777.0
19850101 19851231 99999.9
19860101 19861231  2805.2
19870101 19871231  2905.3
19880101 19881231 99999.9
19890101 19891231  2896.3
19900101 19901231  3189.2
19910101 19911231  2736.8
19920101 19921231 99999.9
19930101 19931231 99999.9
19940101 19941231  2700.2
19950101 19951231  2603.1
19960101 19961231  2625.2
19970101 19971231  2436.7
19980101 19981231  2628.5
19990101 19991231  2238.9
20000101 20001231  2197.3
20010101 20011231  2288.0
20020101 20021231  2546.4
20030101 20031231  2678.6
20040101 20041231  2408.2
20050101 20051231  2472.3
20060101 20061231  2346.3
20070101 20071231  2364.6
20080101 20081231 99999.9
20090101 20091231  2665.0
