EVAP       032040 19690801 20161231 missing_value=99999.9 TOWNSVILLE AERO                           
19700101 19701231  3236.4
19710101 19711231  2760.9
19720101 19721231  2823.6
19730101 19731231  2590.8
19740101 19741231  2418.9
19750101 19751231  2383.1
19760101 19761231  2595.8
19770101 19771231  2568.7
19780101 19781231  2633.6
19790101 19791231  2770.3
19800101 19801231  2825.2
19810101 19811231  2377.2
19820101 19821231  2653.2
19830101 19831231  2722.4
19840101 19841231  2548.4
19850101 19851231  2596.9
19860101 19861231  2658.6
19870101 19871231  2873.2
19880101 19881231  2677.2
19890101 19891231  2314.8
19900101 19901231  2527.0
19910101 19911231 99999.9
19920101 19921231  2611.1
19930101 19931231  2642.2
19940101 19941231  2810.2
19950101 19951231  2632.4
19960101 19961231  2636.2
19970101 19971231  2427.1
19980101 19981231  2190.8
19990101 19991231  2198.8
20000101 20001231  2135.7
20010101 20011231  2392.4
20020101 20021231  2682.1
20030101 20031231  2731.0
20040101 20041231  2518.2
20050101 20051231  2741.7
20060101 20061231  2439.0
20070101 20071231  2439.0
20080101 20081231  2491.0
20090101 20091231  2638.6
20100101 20101231  2177.4
20110101 20111231  2305.0
20120101 20121231  2494.5
20130101 20131231  2676.4
20140101 20141231  2693.0
20150101 20151231  3088.6
20160101 20161231  2690.6
