EVAP       097053 19700201 20131231 missing_value=99999.9 STRATHGORDON VILLAGE                      
19710101 19711231 99999.9
19720101 19721231 99999.9
19730101 19731231 99999.9
19740101 19741231 99999.9
19750101 19751231   782.8
19760101 19761231   790.1
19770101 19771231   817.0
19780101 19781231   739.3
19790101 19791231   736.8
19800101 19801231   747.3
19810101 19811231 99999.9
19820101 19821231 99999.9
19830101 19831231   669.6
19840101 19841231   681.6
19850101 19851231 99999.9
19860101 19861231   626.7
19870101 19871231 99999.9
19880101 19881231 99999.9
19890101 19891231   764.9
19900101 19901231   723.8
19910101 19911231   657.7
19920101 19921231   699.4
19930101 19931231   690.9
19940101 19941231   756.5
19950101 19951231   709.8
19960101 19961231   803.8
19970101 19971231   907.5
19980101 19981231   842.4
19990101 19991231   841.4
20000101 20001231   954.8
20010101 20011231   822.7
20020101 20021231   877.8
20030101 20031231   861.1
20040101 20041231   783.7
20050101 20051231   809.7
20060101 20061231   807.5
20070101 20071231   904.3
20080101 20081231  1017.4
20090101 20091231   921.2
20100101 20101231   828.7
20110101 20111231   795.5
20120101 20121231   847.9
20130101 20131231  1022.6
