EVAP       014015 19661001 20161231 missing_value=99999.9 DARWIN AIRPORT                            
19670101 19671231  2783.9
19680101 19681231  2482.2
19690101 19691231 99999.9
19700101 19701231  2704.1
19710101 19711231  2542.4
19720101 19721231  2758.7
19730101 19731231  2541.4
19740101 19741231  2319.5
19750101 19751231  2503.2
19760101 19761231  2525.0
19770101 19771231  2790.0
19780101 19781231  2766.9
19790101 19791231  2883.4
19800101 19801231  2749.6
19810101 19811231  2624.8
19820101 19821231  2844.5
19830101 19831231  2648.0
19840101 19841231 99999.9
19850101 19851231  2647.4
19860101 19861231  2607.4
19870101 19871231  2582.3
19880101 19881231  2543.1
19890101 19891231  2618.2
19900101 19901231  2615.1
19910101 19911231  2537.6
19920101 19921231  2520.2
19930101 19931231  2595.9
19940101 19941231  2644.3
19950101 19951231  2442.9
19960101 19961231  2539.1
19970101 19971231 99999.9
19980101 19981231  2330.7
19990101 19991231  2293.8
20000101 20001231  2255.5
20010101 20011231  2221.8
20020101 20021231  2431.0
20030101 20031231  2489.3
20040101 20041231  2406.9
20050101 20051231  2423.2
20060101 20061231  2387.3
20070101 20071231  2201.4
20080101 20081231  2368.3
20090101 20091231  2359.7
20100101 20101231  2312.8
20110101 20111231  2159.0
20120101 20121231  2257.0
20130101 20131231  2319.1
20140101 20141231  2390.0
20150101 20151231  2371.7
20160101 20161231  2288.5
