EVAP       045025 19700901 20151231 missing_value=99999.9 THARGOMINDAH AIRPORT                      
19710101 19711231  3301.4
19720101 19721231 99999.9
19730101 19731231 99999.9
19740101 19741231 99999.9
19750101 19751231  3128.7
19760101 19761231 99999.9
19770101 19771231 99999.9
19780101 19781231 99999.9
19790101 19791231  3512.5
19800101 19801231  3577.9
19810101 19811231  3171.6
19820101 19821231  3354.2
19830101 19831231  3190.6
19840101 19841231  3349.6
19850101 19851231 99999.9
19860101 19861231  3196.4
19870101 19871231  3108.3
19880101 19881231  3333.0
19890101 19891231  3233.5
19900101 19901231  3247.7
19910101 19911231  3347.2
19920101 19921231  3284.1
19930101 19931231  3300.4
19940101 19941231  3431.2
19950101 19951231  3254.2
19960101 19961231  3425.5
19970101 19971231  3320.1
19980101 19981231  3278.8
19990101 19991231  3161.4
20000101 20001231  2617.8
20010101 20011231  3201.6
20020101 20021231  3811.1
20030101 20031231  3590.6
20040101 20041231  3446.3
20050101 20051231  3755.4
20060101 20061231  3740.1
20070101 20071231  3224.0
20080101 20081231 99999.9
20090101 20091231  3508.9
20100101 20101231 99999.9
20110101 20111231  2700.3
20120101 20121231  2981.0
20130101 20131231  3372.1
20140101 20141231 99999.9
20150101 20151231  3515.9
