EVAP       070014 19670101 20091231 missing_value=99999.9 CANBERRA AIRPORT                          
19670101 19671231  1851.5
19680101 19681231  1968.2
19690101 19691231  1602.0
19700101 19701231  1566.7
19710101 19711231  1604.1
19720101 19721231  1765.3
19730101 19731231  1615.2
19740101 19741231  1498.1
19750101 19751231  1591.7
19760101 19761231  1561.9
19770101 19771231  1840.9
19780101 19781231  1525.3
19790101 19791231  1839.3
19800101 19801231  1912.2
19810101 19811231 99999.9
19820101 19821231  2024.3
19830101 19831231  1735.7
19840101 19841231  1611.8
19850101 19851231  1688.4
19860101 19861231  1779.2
19870101 19871231  1805.4
19880101 19881231  1731.1
19890101 19891231  1498.0
19900101 19901231  1704.6
19910101 19911231  1865.8
19920101 19921231  1316.4
19930101 19931231  1408.8
19940101 19941231  1835.0
19950101 19951231  1536.4
19960101 19961231  1683.4
19970101 19971231  1870.4
19980101 19981231  1724.4
19990101 19991231  1500.2
20000101 20001231  1560.0
20010101 20011231  1705.9
20020101 20021231  1858.2
20030101 20031231  1691.2
20040101 20041231  1812.0
20050101 20051231  1754.0
20060101 20061231  2008.1
20070101 20071231  1792.6
20080101 20081231  1733.4
20090101 20091231  1871.6
