EVAP       044021 19670701 20151231 missing_value=99999.9 CHARLEVILLE AERO                          
19680101 19681231  2905.2
19690101 19691231 99999.9
19700101 19701231 99999.9
19710101 19711231  2968.4
19720101 19721231  3354.3
19730101 19731231  2791.6
19740101 19741231  2501.4
19750101 19751231  2658.0
19760101 19761231  2310.5
19770101 19771231  2588.2
19780101 19781231  2470.7
19790101 19791231  2875.9
19800101 19801231  2957.4
19810101 19811231  2704.3
19820101 19821231  2908.6
19830101 19831231  2542.1
19840101 19841231  2473.3
19850101 19851231  2614.7
19860101 19861231  2561.5
19870101 19871231  2398.6
19880101 19881231  2800.1
19890101 19891231  2493.9
19900101 19901231  2600.2
19910101 19911231  3111.8
19920101 19921231  3067.8
19930101 19931231  2970.8
19940101 19941231  2696.4
19950101 19951231  2885.2
19960101 19961231  2708.5
19970101 19971231  2412.3
19980101 19981231  2458.6
19990101 19991231  2335.8
20000101 20001231  2361.6
20010101 20011231  2653.3
20020101 20021231  2833.9
20030101 20031231  2843.0
20040101 20041231  2550.9
20050101 20051231  2757.2
20060101 20061231  2735.4
20070101 20071231  2503.2
20080101 20081231  2263.4
20090101 20091231  2571.0
20100101 20101231  1766.5
20110101 20111231  2045.3
20120101 20121231  2146.8
20130101 20131231  2646.3
20140101 20141231  2524.1
20150101 20151231  2530.3
