EVAP       030018 19721101 20081231 missing_value=99999.9 GEORGETOWN                                
19730101 19731231 99999.9
19740101 19741231 99999.9
19750101 19751231  2406.0
19760101 19761231  2305.6
19770101 19771231  2399.2
19780101 19781231  2415.9
19790101 19791231  2233.0
19800101 19801231  2283.1
19810101 19811231  2192.3
19820101 19821231  2518.5
19830101 19831231  2341.7
19840101 19841231  2249.0
19850101 19851231  2491.8
19860101 19861231 99999.9
19870101 19871231  2148.5
19880101 19881231  2408.5
19890101 19891231  1985.1
19900101 19901231  2192.7
19910101 19911231 99999.9
19920101 19921231  2077.8
19930101 19931231  2018.2
19940101 19941231  2183.3
19950101 19951231  2053.7
19960101 19961231  2155.2
19970101 19971231  2107.8
19980101 19981231  1943.0
19990101 19991231  1788.1
20000101 20001231  1705.4
20010101 20011231  1837.0
20020101 20021231  2047.2
20030101 20031231  2274.5
20040101 20041231  2130.7
20050101 20051231  2316.7
20060101 20061231  2156.8
20070101 20071231 99999.9
20080101 20081231  2011.6
