EVAP       036031 19670401 20161231 missing_value=99999.9 LONGREACH AERO                            
19680101 19681231 99999.9
19690101 19691231  3182.3
19700101 19701231  3226.2
19710101 19711231  2598.6
19720101 19721231  3292.1
19730101 19731231  2660.9
19740101 19741231  2367.7
19750101 19751231  2891.0
19760101 19761231  2746.1
19770101 19771231  2788.1
19780101 19781231  2847.1
19790101 19791231  3047.5
19800101 19801231  3119.6
19810101 19811231  3025.5
19820101 19821231  3233.7
19830101 19831231  3217.4
19840101 19841231  2762.0
19850101 19851231  3172.4
19860101 19861231  3305.8
19870101 19871231  3054.2
19880101 19881231  3557.9
19890101 19891231  2759.6
19900101 19901231  2899.0
19910101 19911231  2834.9
19920101 19921231  3108.2
19930101 19931231  3222.6
19940101 19941231  3008.5
19950101 19951231  3122.2
19960101 19961231  3114.9
19970101 19971231  2938.5
19980101 19981231  2808.3
19990101 19991231  2647.2
20000101 20001231  2548.6
20010101 20011231  2933.6
20020101 20021231  3499.5
20030101 20031231  3328.0
20040101 20041231  3184.4
20050101 20051231  3292.0
20060101 20061231  3165.6
20070101 20071231  3056.2
20080101 20081231  3039.8
20090101 20091231  3082.4
20100101 20101231  2365.6
20110101 20111231  2806.2
20120101 20121231  2988.7
20130101 20131231  3584.8
20140101 20141231  3711.2
20150101 20151231  3776.8
20160101 20161231  3031.4
