EVAP       002012 19681201 20151231 missing_value=99999.9 HALLS CREEK AIRPORT                       
19690101 19691231  3202.8
19700101 19701231  3722.1
19710101 19711231  3301.9
19720101 19721231  3482.9
19730101 19731231  3065.0
19740101 19741231  2312.6
19750101 19751231  2926.5
19760101 19761231 99999.9
19770101 19771231  3039.9
19780101 19781231  3035.7
19790101 19791231 99999.9
19800101 19801231  3238.7
19810101 19811231  3056.8
19820101 19821231  2958.1
19830101 19831231  3195.9
19840101 19841231  3298.7
19850101 19851231  3701.1
19860101 19861231  3512.7
19870101 19871231  3198.4
19880101 19881231  3452.4
19890101 19891231  3445.4
19900101 19901231  3459.8
19910101 19911231  3054.2
19920101 19921231  3607.8
19930101 19931231  3039.7
19940101 19941231  3004.8
19950101 19951231  2855.2
19960101 19961231  3038.4
19970101 19971231  2777.8
19980101 19981231  3096.0
19990101 19991231  2753.6
20000101 20001231  2329.8
20010101 20011231 99999.9
20020101 20021231  3019.8
20030101 20031231  3106.5
20040101 20041231  2719.1
20050101 20051231  3220.1
20060101 20061231  2764.2
20070101 20071231  2896.0
20080101 20081231  2944.3
20090101 20091231  3131.1
20100101 20101231  2805.0
20110101 20111231  2486.8
20120101 20121231  2743.2
20130101 20131231  2917.6
20140101 20141231  2751.6
20150101 20151231  2767.1
