EVAP       027045 19700301 20161231 missing_value=99999.9 WEIPA                                     
19710101 19711231 99999.9
19720101 19721231 99999.9
19730101 19731231  2486.3
19740101 19741231 99999.9
19750101 19751231 99999.9
19760101 19761231  2344.9
19770101 19771231  2278.5
19780101 19781231  2420.8
19790101 19791231 99999.9
19800101 19801231  2351.8
19810101 19811231 99999.9
19820101 19821231 99999.9
19830101 19831231  2486.7
19840101 19841231  2500.8
19850101 19851231  2466.5
19860101 19861231  2471.2
19870101 19871231  2390.1
19880101 19881231  2496.0
19890101 19891231  2320.4
19900101 19901231  2414.7
19910101 19911231  2377.2
19920101 19921231 99999.9
19930101 19931231  2537.0
19940101 19941231  2718.4
19950101 19951231  2580.4
19960101 19961231 99999.9
19970101 19971231 99999.9
19980101 19981231  2506.6
19990101 19991231  2203.5
20000101 20001231  2142.2
20010101 20011231  2401.0
20020101 20021231  2406.4
20030101 20031231  2400.8
20040101 20041231  2153.7
20050101 20051231  2236.8
20060101 20061231  2184.9
20070101 20071231  2193.6
20080101 20081231  2373.7
20090101 20091231  2316.2
20100101 20101231  2323.6
20110101 20111231  2453.6
20120101 20121231  2421.8
20130101 20131231  2515.6
20140101 20141231  2383.0
20150101 20151231 99999.9
20160101 20161231  3657.0
