EVAP       015135 19690901 20161231 missing_value=99999.9 TENNANT CREEK AIRPORT                     
19700101 19701231  4189.3
19710101 19711231  3872.4
19720101 19721231  4065.3
19730101 19731231  3830.6
19740101 19741231  3061.5
19750101 19751231  3491.3
19760101 19761231  3646.9
19770101 19771231  3469.2
19780101 19781231  3646.1
19790101 19791231  4134.8
19800101 19801231  4649.1
19810101 19811231  3998.6
19820101 19821231  3878.3
19830101 19831231  4036.5
19840101 19841231  3765.4
19850101 19851231  4321.0
19860101 19861231  4398.6
19870101 19871231  3923.6
19880101 19881231  4331.0
19890101 19891231  4169.2
19900101 19901231  4227.8
19910101 19911231  3897.4
19920101 19921231  4354.2
19930101 19931231  3667.7
19940101 19941231  4219.0
19950101 19951231  4160.6
19960101 19961231  4302.6
19970101 19971231  3740.2
19980101 19981231  4202.2
19990101 19991231  3821.5
20000101 20001231  3213.0
20010101 20011231  3340.0
20020101 20021231  4201.4
20030101 20031231  3710.3
20040101 20041231  3673.7
20050101 20051231  4046.4
20060101 20061231  3566.0
20070101 20071231  3699.8
20080101 20081231  4205.6
20090101 20091231  3935.0
20100101 20101231  3285.5
20110101 20111231  2922.2
20120101 20121231  3554.9
20130101 20131231  3927.7
20140101 20141231  3494.0
20150101 20151231 99999.9
20160101 20161231  2634.2
