EVAP       040428 19740101 20071231 missing_value=99999.9 BRIAN PASTURES                            
19740101 19741231 99999.9
19750101 19751231  1901.1
19760101 19761231  1855.3
19770101 19771231  2030.3
19780101 19781231  1942.3
19790101 19791231  2114.3
19800101 19801231  2238.8
19810101 19811231  1872.1
19820101 19821231  2102.6
19830101 19831231  1942.0
19840101 19841231  1941.6
19850101 19851231  2084.6
19860101 19861231  2063.8
19870101 19871231  2127.4
19880101 19881231  2196.4
19890101 19891231  1895.0
19900101 19901231 99999.9
19910101 19911231  2221.9
19920101 19921231  1940.3
19930101 19931231  2033.5
19940101 19941231  2117.8
19950101 19951231  2146.8
19960101 19961231  2065.6
19970101 19971231  2060.2
19980101 19981231  1867.2
19990101 19991231  1914.6
20000101 20001231  1991.3
20010101 20011231  2051.3
20020101 20021231  2233.6
20030101 20031231  2112.4
20040101 20041231  2062.5
20050101 20051231  2062.9
20060101 20061231  2284.5
20070101 20071231  2079.7
