EVAP       038003 19690801 20161231 missing_value=99999.9 BOULIA AIRPORT                            
19700101 19701231 99999.9
19710101 19711231 99999.9
19720101 19721231 99999.9
19730101 19731231 99999.9
19740101 19741231  3590.2
19750101 19751231  4271.6
19760101 19761231 99999.9
19770101 19771231  3789.3
19780101 19781231 99999.9
19790101 19791231 99999.9
19800101 19801231  4399.6
19810101 19811231  4119.5
19820101 19821231  4186.3
19830101 19831231  4290.3
19840101 19841231  3671.1
19850101 19851231  4051.9
19860101 19861231  4298.5
19870101 19871231 99999.9
19880101 19881231  4284.4
19890101 19891231 99999.9
19900101 19901231  3979.1
19910101 19911231 99999.9
19920101 19921231  3855.4
19930101 19931231  3808.4
19940101 19941231  4028.0
19950101 19951231  3803.7
19960101 19961231  3951.3
19970101 19971231 99999.9
19980101 19981231  3546.2
19990101 19991231  3775.7
20000101 20001231  3356.8
20010101 20011231  3608.2
20020101 20021231  4701.6
20030101 20031231  4137.3
20040101 20041231  4161.1
20050101 20051231 99999.9
20060101 20061231  4324.0
20070101 20071231  4137.5
20080101 20081231  4772.2
20090101 20091231  4055.9
20100101 20101231  3467.1
20110101 20111231  3612.6
20120101 20121231  3848.1
20130101 20131231  3859.0
20140101 20141231  4492.5
20150101 20151231  4547.7
20160101 20161231  4263.0
