EVAP       079079 19730301 20161231 missing_value=99999.9 TOTTINGTON                                
19740101 19741231  1264.2
19750101 19751231  1383.3
19760101 19761231  1490.8
19770101 19771231  1536.7
19780101 19781231  1390.9
19790101 19791231 99999.9
19800101 19801231  1457.9
19810101 19811231 99999.9
19820101 19821231  1718.7
19830101 19831231  1437.5
19840101 19841231  1397.4
19850101 19851231  1361.8
19860101 19861231 99999.9
19870101 19871231  1336.3
19880101 19881231  1350.1
19890101 19891231  1292.5
19900101 19901231  1510.4
19910101 19911231  1422.9
19920101 19921231  1109.2
19930101 19931231 99999.9
19940101 19941231  1386.8
19950101 19951231  1400.0
19960101 19961231 99999.9
19970101 19971231  1602.9
19980101 19981231  1482.8
19990101 19991231  1367.0
20000101 20001231  1400.5
20010101 20011231  1343.6
20020101 20021231  1596.2
20030101 20031231  1496.7
20040101 20041231  1474.0
20050101 20051231  1460.2
20060101 20061231  1664.8
20070101 20071231  1607.0
20080101 20081231 99999.9
20090101 20091231  1598.6
20100101 20101231  1243.2
20110101 20111231  1216.0
20120101 20121231  1429.9
20130101 20131231  1493.4
20140101 20141231  1605.2
20150101 20151231  1662.0
20160101 20161231  1431.4
