EVAP       063005 19721201 20161231 missing_value=99999.9 BATHURST AGRICULTURAL STATION             
19730101 19731231  1300.2
19740101 19741231  1254.2
19750101 19751231  1345.2
19760101 19761231  1314.6
19770101 19771231  1592.1
19780101 19781231  1321.4
19790101 19791231  1513.7
19800101 19801231  1646.3
19810101 19811231  1443.2
19820101 19821231  1657.9
19830101 19831231  1427.4
19840101 19841231  1268.2
19850101 19851231  1384.2
19860101 19861231  1413.4
19870101 19871231  1302.4
19880101 19881231  1295.8
19890101 19891231  1232.5
19900101 19901231  1316.7
19910101 19911231  1431.0
19920101 19921231  1109.3
19930101 19931231  1235.6
19940101 19941231  1442.3
19950101 19951231  1295.3
19960101 19961231  1272.5
19970101 19971231  1418.2
19980101 19981231  1269.7
19990101 19991231 99999.9
20000101 20001231 99999.9
20010101 20011231 99999.9
20020101 20021231 99999.9
20030101 20031231  1361.0
20040101 20041231  1533.6
20050101 20051231  1397.1
20060101 20061231  1537.2
20070101 20071231  1420.3
20080101 20081231  1361.7
20090101 20091231  1540.9
20100101 20101231  1182.8
20110101 20111231  1170.7
20120101 20121231  1315.5
20130101 20131231  1522.7
20140101 20141231  1440.0
20150101 20151231  1420.5
20160101 20161231  1398.8
