EVAP       009741 19690701 20111231 missing_value=99999.9 ALBANY AIRPORT                            
19700101 19701231  1420.4
19710101 19711231  1269.6
19720101 19721231  1530.8
19730101 19731231  1478.4
19740101 19741231  1394.9
19750101 19751231  1383.7
19760101 19761231  1399.1
19770101 19771231  1428.6
19780101 19781231  1462.5
19790101 19791231  1432.0
19800101 19801231  1402.2
19810101 19811231  1485.8
19820101 19821231  1309.1
19830101 19831231  1403.7
19840101 19841231  1498.9
19850101 19851231  1529.1
19860101 19861231  1518.3
19870101 19871231  1575.8
19880101 19881231  1635.3
19890101 19891231  1507.1
19900101 19901231  1439.2
19910101 19911231 99999.9
19920101 19921231  1368.2
19930101 19931231  1415.4
19940101 19941231  1588.0
19950101 19951231  1467.9
19960101 19961231  1462.8
19970101 19971231  1404.5
19980101 19981231  1395.4
19990101 19991231  1428.4
20000101 20001231  1506.8
20010101 20011231  1397.4
20020101 20021231  1493.4
20030101 20031231  1431.0
20040101 20041231  1465.2
20050101 20051231  1443.4
20060101 20061231  1506.7
20070101 20071231  1543.8
20080101 20081231  1446.4
20090101 20091231  1507.9
20100101 20101231  1460.0
20110101 20111231  1433.6
