EVAP       010622 19690701 20161231 missing_value=99999.9 ONGERUP                                   
19700101 19701231 99999.9
19710101 19711231  1425.1
19720101 19721231  1758.0
19730101 19731231  1580.2
19740101 19741231  1582.8
19750101 19751231  1560.6
19760101 19761231  1538.1
19770101 19771231  1586.3
19780101 19781231  1587.3
19790101 19791231 99999.9
19800101 19801231  1628.4
19810101 19811231 99999.9
19820101 19821231  1606.2
19830101 19831231  1438.6
19840101 19841231  1581.0
19850101 19851231  1647.7
19860101 19861231 99999.9
19870101 19871231  1581.6
19880101 19881231  1579.6
19890101 19891231  1503.8
19900101 19901231  1489.7
19910101 19911231  1628.1
19920101 19921231 99999.9
19930101 19931231  1428.0
19940101 19941231  1692.8
19950101 19951231  1537.1
19960101 19961231  1672.0
19970101 19971231  1607.0
19980101 19981231  1483.8
19990101 19991231  1530.2
20000101 20001231  1646.0
20010101 20011231  1521.2
20020101 20021231  1621.5
20030101 20031231  1601.4
20040101 20041231  1632.0
20050101 20051231  1565.9
20060101 20061231  1592.0
20070101 20071231  1598.8
20080101 20081231  1493.7
20090101 20091231  1664.9
20100101 20101231  1566.8
20110101 20111231  1517.4
20120101 20121231  1647.9
20130101 20131231  1531.5
20140101 20141231  1604.8
20150101 20151231  1359.4
20160101 20161231  1438.8
