EVAP       087126 19690301 20151231 missing_value=99999.9 WURDIBOLUC RESERVOIR                      
19700101 19701231  1366.2
19710101 19711231  1396.9
19720101 19721231  1456.8
19730101 19731231  1317.9
19740101 19741231  1267.1
19750101 19751231  1231.8
19760101 19761231  1370.8
19770101 19771231  1320.6
19780101 19781231  1274.2
19790101 19791231 99999.9
19800101 19801231  1456.5
19810101 19811231  1418.3
19820101 19821231  1569.6
19830101 19831231  1420.0
19840101 19841231 99999.9
19850101 19851231 99999.9
19860101 19861231 99999.9
19870101 19871231  1540.6
19880101 19881231  1485.2
19890101 19891231  1389.5
19900101 19901231  1446.2
19910101 19911231  1309.9
19920101 19921231  1230.1
19930101 19931231  1351.5
19940101 19941231  1397.9
19950101 19951231  1355.7
19960101 19961231  1330.0
19970101 19971231  1402.9
19980101 19981231  1439.2
19990101 19991231  1373.6
20000101 20001231  1497.1
20010101 20011231  1305.4
20020101 20021231  1315.0
20030101 20031231  1334.3
20040101 20041231  1308.1
20050101 20051231  1440.9
20060101 20061231  1478.4
20070101 20071231  1476.8
20080101 20081231  1396.5
20090101 20091231  1415.8
20100101 20101231  1239.7
20110101 20111231  1220.6
20120101 20121231  1368.5
20130101 20131231  1398.9
20140101 20141231  1377.4
20150101 20151231  1363.6
