EVAP       023373 19701101 20161231 missing_value=99999.9 NURIOOTPA VITICULTURAL                    
19710101 19711231 99999.9
19720101 19721231  1873.4
19730101 19731231  1681.4
19740101 19741231  1532.5
19750101 19751231  1681.3
19760101 19761231  1820.3
19770101 19771231  1907.6
19780101 19781231  1725.8
19790101 19791231  1747.7
19800101 19801231  1834.6
19810101 19811231  1887.1
19820101 19821231  2046.2
19830101 19831231  1834.0
19840101 19841231  1781.9
19850101 19851231  1770.9
19860101 19861231  1826.6
19870101 19871231  1727.1
19880101 19881231  1848.3
19890101 19891231  1752.9
19900101 19901231  1900.8
19910101 19911231  1877.7
19920101 19921231  1480.3
19930101 19931231  1714.0
19940101 19941231  1888.0
19950101 19951231  1778.7
19960101 19961231  1849.2
19970101 19971231  1756.5
19980101 19981231  1759.2
19990101 19991231  1788.5
20000101 20001231  1841.1
20010101 20011231  1750.8
20020101 20021231  1906.2
20030101 20031231  1798.0
20040101 20041231  1812.8
20050101 20051231  1707.0
20060101 20061231  1921.5
20070101 20071231  1942.0
20080101 20081231  1819.5
20090101 20091231  1848.1
20100101 20101231  1657.4
20110101 20111231  1593.4
20120101 20121231  1855.4
20130101 20131231  1923.6
20140101 20141231  1874.9
20150101 20151231  1901.2
20160101 20161231  1822.3
