EVAP       031011 19691001 20141231 missing_value=99999.9 CAIRNS AERO                               
19700101 19701231  2272.2
19710101 19711231  2396.0
19720101 19721231  2276.6
19730101 19731231  2125.9
19740101 19741231  2163.4
19750101 19751231  2120.0
19760101 19761231  2278.9
19770101 19771231  2303.8
19780101 19781231  2195.0
19790101 19791231  2200.6
19800101 19801231  2286.0
19810101 19811231  2107.3
19820101 19821231  2265.9
19830101 19831231  2316.9
19840101 19841231  2237.9
19850101 19851231  2275.1
19860101 19861231  2326.1
19870101 19871231  2139.8
19880101 19881231  2228.6
19890101 19891231  2156.7
19900101 19901231  2288.4
19910101 19911231 99999.9
19920101 19921231  2321.2
19930101 19931231  2326.1
19940101 19941231  2533.6
19950101 19951231 99999.9
19960101 19961231  2295.8
19970101 19971231  2164.4
19980101 19981231  2136.2
19990101 19991231  2013.2
20000101 20001231  1922.4
20010101 20011231  2162.8
20020101 20021231  2516.3
20030101 20031231  2315.0
20040101 20041231  2209.5
20050101 20051231  2239.0
20060101 20061231  2126.4
20070101 20071231  2123.0
20080101 20081231  2255.3
20090101 20091231  2219.0
20100101 20101231  1954.8
20110101 20111231  2073.2
20120101 20121231  2230.4
20130101 20131231  2225.0
20140101 20141231  2262.1
