EVAP       012038 19681001 20151231 missing_value=99999.9 KALGOORLIE-BOULDER AIRPORT                
19690101 19691231  2766.5
19700101 19701231  2806.4
19710101 19711231  2785.4
19720101 19721231  2940.0
19730101 19731231  2582.0
19740101 19741231  2344.2
19750101 19751231  2264.4
19760101 19761231  2672.3
19770101 19771231  3051.3
19780101 19781231  2773.2
19790101 19791231  2888.6
19800101 19801231  2802.8
19810101 19811231  2559.0
19820101 19821231  2572.4
19830101 19831231  2638.0
19840101 19841231  2529.6
19850101 19851231  2810.1
19860101 19861231  2640.0
19870101 19871231  2430.0
19880101 19881231  2570.8
19890101 19891231  2583.6
19900101 19901231  2505.2
19910101 19911231  2770.0
19920101 19921231  2115.8
19930101 19931231  2361.6
19940101 19941231  2793.4
19950101 19951231  2395.5
19960101 19961231  2770.2
19970101 19971231  2620.0
19980101 19981231  2669.4
19990101 19991231  2463.8
20000101 20001231 99999.9
20010101 20011231  2459.6
20020101 20021231  2823.6
20030101 20031231  2662.2
20040101 20041231  2629.6
20050101 20051231  2842.0
20060101 20061231  2685.4
20070101 20071231  2875.4
20080101 20081231  2685.0
20090101 20091231 99999.9
20100101 20101231  2475.4
20110101 20111231  2230.4
20120101 20121231  2661.8
20130101 20131231  2490.4
20140101 20141231  2559.6
20150101 20151231  2773.8
