EVAP       055024 19710601 20161231 missing_value=99999.9 GUNNEDAH SCS                              
19720101 19721231  2035.1
19730101 19731231  1770.8
19740101 19741231  1921.6
19750101 19751231  1902.7
19760101 19761231  1801.4
19770101 19771231  1855.4
19780101 19781231  1713.4
19790101 19791231  2075.0
19800101 19801231  2307.0
19810101 19811231  2051.4
19820101 19821231  2195.0
19830101 19831231  1805.2
19840101 19841231  1722.4
19850101 19851231  1979.0
19860101 19861231  2032.4
19870101 19871231  1877.2
19880101 19881231  1865.4
19890101 19891231  1831.4
19900101 19901231  1867.7
19910101 19911231  1909.6
19920101 19921231  1791.4
19930101 19931231 99999.9
19940101 19941231  2052.8
19950101 19951231  1836.5
19960101 19961231  1714.1
19970101 19971231  1803.9
19980101 19981231  1734.1
19990101 19991231  1607.9
20000101 20001231 99999.9
20010101 20011231  1763.4
20020101 20021231  2159.7
20030101 20031231  1930.8
20040101 20041231  1889.5
20050101 20051231  1878.5
20060101 20061231  2033.7
20070101 20071231  1871.2
20080101 20081231  1666.0
20090101 20091231  1933.7
20100101 20101231  1428.1
20110101 20111231  1642.1
20120101 20121231  1694.7
20130101 20131231  1909.6
20140101 20141231  1941.4
20150101 20151231  1824.4
20160101 20161231  1772.8
