EVAP       061078 19740101 20101231 missing_value=99999.9 WILLIAMTOWN RAAF                          
19740101 19741231  1558.3
19750101 19751231  1709.3
19760101 19761231  1625.2
19770101 19771231 99999.9
19780101 19781231  1582.9
19790101 19791231  1809.3
19800101 19801231  2205.4
19810101 19811231  1906.6
19820101 19821231  1732.0
19830101 19831231  1815.6
19840101 19841231  1628.2
19850101 19851231  1672.5
19860101 19861231  1711.6
19870101 19871231  1640.2
19880101 19881231  1608.6
19890101 19891231  1637.4
19900101 19901231  1662.9
19910101 19911231  1935.8
19920101 19921231 99999.9
19930101 19931231  1609.5
19940101 19941231  1827.9
19950101 19951231  1632.8
19960101 19961231  1722.3
19970101 19971231  1664.8
19980101 19981231  1671.6
19990101 19991231  1475.5
20000101 20001231  1668.6
20010101 20011231  1760.9
20020101 20021231  1893.4
20030101 20031231  1834.3
20040101 20041231  1734.6
20050101 20051231  1747.2
20060101 20061231  1782.4
20070101 20071231  1797.8
20080101 20081231  1600.0
20090101 20091231  1855.8
20100101 20101231  1641.7
