EVAP       008051 19670501 20101231 missing_value=99999.9 GERALDTON AIRPORT                         
19680101 19681231  2543.5
19690101 19691231  2853.4
19700101 19701231  2368.7
19710101 19711231  2291.3
19720101 19721231  2520.8
19730101 19731231  2246.6
19740101 19741231  2452.5
19750101 19751231  2395.8
19760101 19761231  2687.5
19770101 19771231  2577.1
19780101 19781231  2567.6
19790101 19791231  2254.6
19800101 19801231  2191.2
19810101 19811231  2381.1
19820101 19821231  2161.2
19830101 19831231 99999.9
19840101 19841231  2346.9
19850101 19851231  2398.3
19860101 19861231  2336.0
19870101 19871231  2376.2
19880101 19881231  2498.7
19890101 19891231  2381.8
19900101 19901231  2215.9
19910101 19911231  2334.0
19920101 19921231  2269.4
19930101 19931231  2270.0
19940101 19941231  2673.4
19950101 19951231  2556.6
19960101 19961231  2709.9
19970101 19971231  2364.6
19980101 19981231  2461.9
19990101 19991231  2387.4
20000101 20001231  2601.6
20010101 20011231  2293.1
20020101 20021231  2417.0
20030101 20031231  2347.0
20040101 20041231  2178.4
20050101 20051231  2116.4
20060101 20061231  2543.6
20070101 20071231  2641.4
20080101 20081231  2354.6
20090101 20091231  2328.8
20100101 20101231  2372.0
