EVAP       004032 19670601 20141231 missing_value=99999.9 PORT HEDLAND AIRPORT                      
19680101 19681231  3313.1
19690101 19691231  3823.7
19700101 19701231  3805.4
19710101 19711231  3448.3
19720101 19721231  4019.9
19730101 19731231  3317.0
19740101 19741231  3257.7
19750101 19751231  3498.3
19760101 19761231  3057.3
19770101 19771231  3172.4
19780101 19781231  2537.0
19790101 19791231  2851.8
19800101 19801231  2970.4
19810101 19811231  3154.1
19820101 19821231  3086.5
19830101 19831231  3249.6
19840101 19841231  3261.0
19850101 19851231  3307.5
19860101 19861231  3141.6
19870101 19871231  3371.1
19880101 19881231  3172.4
19890101 19891231  2960.3
19900101 19901231  3312.1
19910101 19911231  3207.6
19920101 19921231  3352.7
19930101 19931231  3333.2
19940101 19941231  3401.2
19950101 19951231  3262.1
19960101 19961231  3198.3
19970101 19971231  2999.8
19980101 19981231  3328.4
19990101 19991231  3014.4
20000101 20001231  3125.6
20010101 20011231  3167.8
20020101 20021231  3451.2
20030101 20031231  3347.2
20040101 20041231  3486.4
20050101 20051231  3468.0
20060101 20061231  3293.2
20070101 20071231  3358.4
20080101 20081231  3487.6
20090101 20091231 99999.9
20100101 20101231  3620.8
20110101 20111231  3031.8
20120101 20121231  3294.2
20130101 20131231  3153.6
20140101 20141231  3390.4
