EVAP       091104 19691001 20071231 missing_value=99999.9 LAUNCESTON AIRPORT COMPARISON             
19700101 19701231  1269.7
19710101 19711231  1172.4
19720101 19721231  1420.6
19730101 19731231  1302.4
19740101 19741231  1081.6
19750101 19751231  1146.3
19760101 19761231 99999.9
19770101 19771231  1320.9
19780101 19781231 99999.9
19790101 19791231  1308.0
19800101 19801231  1344.4
19810101 19811231  1329.2
19820101 19821231 99999.9
19830101 19831231  1297.6
19840101 19841231 99999.9
19850101 19851231 99999.9
19860101 19861231 99999.9
19870101 19871231  1280.2
19880101 19881231  1369.4
19890101 19891231  1193.0
19900101 19901231  1300.8
19910101 19911231  1277.2
19920101 19921231  1146.8
19930101 19931231  1150.2
19940101 19941231  1357.8
19950101 19951231  1188.8
19960101 19961231  1149.2
19970101 19971231  1228.2
19980101 19981231  1341.3
19990101 19991231  1194.3
20000101 20001231  1368.6
20010101 20011231  1201.2
20020101 20021231  1271.3
20030101 20031231  1345.6
20040101 20041231  1258.8
20050101 20051231  1226.1
20060101 20061231  1351.5
20070101 20071231  1375.4
