EVAP       016001 19670101 20161231 missing_value=99999.9 WOOMERA AERODROME                         
19670101 19671231  3271.7
19680101 19681231  2979.3
19690101 19691231  3112.7
19700101 19701231  3414.2
19710101 19711231  3224.3
19720101 19721231  3379.3
19730101 19731231  3044.2
19740101 19741231  2709.2
19750101 19751231  3117.9
19760101 19761231 99999.9
19770101 19771231  3506.0
19780101 19781231  3186.3
19790101 19791231 99999.9
19800101 19801231  3275.3
19810101 19811231  2964.9
19820101 19821231  2950.4
19830101 19831231  2870.0
19840101 19841231  2892.6
19850101 19851231  3186.0
19860101 19861231  3188.6
19870101 19871231  2976.1
19880101 19881231  3208.6
19890101 19891231  2829.6
19900101 19901231  3176.0
19910101 19911231  3347.2
19920101 19921231  2803.6
19930101 19931231  3031.6
19940101 19941231  3300.2
19950101 19951231  3083.3
19960101 19961231  3319.5
19970101 19971231  3209.3
19980101 19981231  3141.8
19990101 19991231 99999.9
20000101 20001231  3364.9
20010101 20011231  3273.6
20020101 20021231  3554.0
20030101 20031231  3433.0
20040101 20041231  3466.4
20050101 20051231  3424.6
20060101 20061231  3512.0
20070101 20071231  3571.6
20080101 20081231  3388.2
20090101 20091231  3531.4
20100101 20101231  3008.9
20110101 20111231  2993.6
20120101 20121231  3200.9
20130101 20131231  3447.3
20140101 20141231 99999.9
20150101 20151231  3185.9
20160101 20161231  3200.8
