EVAP       061089 19720301 20141231 missing_value=99999.9 SCONE SCS                                 
19730101 19731231  1606.8
19740101 19741231  1598.2
19750101 19751231  1678.4
19760101 19761231  1508.8
19770101 19771231 99999.9
19780101 19781231  1471.0
19790101 19791231  1716.4
19800101 19801231  2093.2
19810101 19811231  1664.4
19820101 19821231  1758.6
19830101 19831231  1564.8
19840101 19841231  1491.8
19850101 19851231  1573.2
19860101 19861231  1752.6
19870101 19871231  1663.0
19880101 19881231  1591.4
19890101 19891231  1586.0
19900101 19901231  1521.6
19910101 19911231  1864.0
19920101 19921231  1447.4
19930101 19931231  1464.6
19940101 19941231  1844.3
19950101 19951231  1640.2
19960101 19961231  1586.0
19970101 19971231  1650.9
19980101 19981231  1548.0
19990101 19991231 99999.9
20000101 20001231  1392.8
20010101 20011231  1537.2
20020101 20021231  1846.8
20030101 20031231  1494.0
20040101 20041231  1678.8
20050101 20051231  1558.4
20060101 20061231 99999.9
20070101 20071231  1579.4
20080101 20081231  1394.8
20090101 20091231  1770.4
20100101 20101231 99999.9
20110101 20111231 99999.9
20120101 20121231  1602.6
20130101 20131231 99999.9
20140101 20141231  1571.7
