EVAP       005007 19750401 20131231 missing_value=99999.9 LEARMONTH AIRPORT                         
19760101 19761231  3156.4
19770101 19771231  3356.7
19780101 19781231  3304.3
19790101 19791231  3414.2
19800101 19801231 99999.9
19810101 19811231  3245.4
19820101 19821231  3128.2
19830101 19831231  3319.2
19840101 19841231  3096.7
19850101 19851231  3163.1
19860101 19861231  3154.6
19870101 19871231  3066.0
19880101 19881231  3175.4
19890101 19891231  3201.4
19900101 19901231  3011.8
19910101 19911231  3079.2
19920101 19921231  2818.1
19930101 19931231  2920.6
19940101 19941231  3243.8
19950101 19951231  3012.0
19960101 19961231  2957.4
19970101 19971231  3023.0
19980101 19981231 99999.9
19990101 19991231  2828.4
20000101 20001231  2896.2
20010101 20011231  3091.5
20020101 20021231  3185.4
20030101 20031231  3359.8
20040101 20041231  3242.8
20050101 20051231  3253.0
20060101 20061231  3068.2
20070101 20071231  3398.6
20080101 20081231  3053.4
20090101 20091231  3280.1
20100101 20101231  3243.4
20110101 20111231  2859.7
20120101 20121231 99999.9
20130101 20131231  3256.2
