EVAP       029127 19750701 20141231 missing_value=99999.9 MT ISA                                    
19760101 19761231  3052.4
19770101 19771231  2787.9
19780101 19781231  2708.0
19790101 19791231  3005.2
19800101 19801231  3298.9
19810101 19811231  2877.8
19820101 19821231  3321.2
19830101 19831231  3257.9
19840101 19841231  3037.8
19850101 19851231 99999.9
19860101 19861231  3541.3
19870101 19871231  3129.0
19880101 19881231  3536.8
19890101 19891231  3363.7
19900101 19901231  3465.8
19910101 19911231  2950.2
19920101 19921231  3187.0
19930101 19931231  2991.8
19940101 19941231  3329.4
19950101 19951231  3136.4
19960101 19961231  3208.2
19970101 19971231  2689.8
19980101 19981231  2813.8
19990101 19991231  2725.8
20000101 20001231  2597.2
20010101 20011231  2919.0
20020101 20021231  3403.0
20030101 20031231  3102.2
20040101 20041231  3016.8
20050101 20051231  3011.2
20060101 20061231  2883.6
20070101 20071231  2997.4
20080101 20081231  3384.8
20090101 20091231  2748.6
20100101 20101231  2502.8
20110101 20111231  2277.8
20120101 20121231  2774.1
20130101 20131231  3347.4
20140101 20141231  3211.4
